,blockNumber,timeStamp,hash,nonce,blockHash,transactionIndex,from,to,value,gas,gasPrice,isError,txreceipt_status,input,contractAddress,cumulativeGasUsed,gasUsed,confirmations,methodId,functionName,eth value,txn type,AccountId
0,3800062,1496263568,0xf33165869ae8c12e7cdd7434a96b8ca54b201bd71a2af06f7f1b36f98ab8897c,3,0xdbb2eb46d2e7ad6db450e4cd41bf187231964b950a932225ad2e06d5ba2cdca5,9,0x00a0db2060f11746ab37341543eba8842a44c522,0x5540cb0cf76a6dc3fab853bbb2750527e84f3f11,30000000000000000000,21000,24000000000,0,,0x,,210000,21000,12174410,0x,,30,received,0x5540cb0cf76a6dc3fab853bbb2750527e84f3f11
1,3800086,1496264031,0x34a3a18e98f0f44061c3af0db98c64b687e7dabd30fdcdf48cb321ac7c682573,0,0xd5c9c707bd1dc3dd720d647f1e63744e46da2a73604bbcc9b11fa53f94e87608,16,0x5540cb0cf76a6dc3fab853bbb2750527e84f3f11,0xe94b04a0fed112f3664e45adb2b8915693dd5ff3,29996746890000000000,135546,24000000000,0,,0x0f2c9329000000000000000000000000fbb1b73c4f0bda4f67dca266ce6ef42f520fbb98000000000000000000000000e592b0d8baa2cb677034389b76a71b0d1823e0d1,,1310853,34470,12174386,0x0f2c9329,"split(address targetFork, address targetNoFork)",29.99674689,sent,0x5540cb0cf76a6dc3fab853bbb2750527e84f3f11
2,4005321,1499733046,0x3fc8ed972b61310210d8db84d6a472c385220816deaefa82edb7820786033759,3,0x8bfc12ff231f50eea7098db16a47b8fc8ff07791d927a4644c6b30542f883f8c,8,0x327bd4392a1dc3e395194279f6512e6f4b19039a,0x5540cb0cf76a6dc3fab853bbb2750527e84f3f11,12853087792748969390,21000,21000000000,0,,0x,,189000,21000,11969151,0x,,12.85308779274896939,received,0x5540cb0cf76a6dc3fab853bbb2750527e84f3f11
3,4005350,1499733546,0x2449a24d370d2046015c8b60289792c0a96f76fd18911d15045eb49de05fcf0c,1,0xdd22b6fa0071088881eb645f5de22035d74cd7d976eed5437576e5fa9a3056e5,13,0x5540cb0cf76a6dc3fab853bbb2750527e84f3f11,0xe94b04a0fed112f3664e45adb2b8915693dd5ff3,12848600770000000000,135546,51000000000,0,,0x0f2c9329000000000000000000000000fbb1b73c4f0bda4f67dca266ce6ef42f520fbb98000000000000000000000000e592b0d8baa2cb677034389b76a71b0d1823e0d1,,419522,34470,11969122,0x0f2c9329,"split(address targetFork, address targetNoFork)",12.84860077,sent,0x5540cb0cf76a6dc3fab853bbb2750527e84f3f11
