,blockNumber,timeStamp,hash,nonce,blockHash,transactionIndex,from,to,value,gas,gasPrice,isError,txreceipt_status,input,contractAddress,cumulativeGasUsed,gasUsed,confirmations,methodId,functionName,eth value,txn type,AccountId
0,3714147,1494903609,0xc98eca0bb01eae32e4c734806687182ced1a03d9d9da087453b025ba2d052623,10955,0xa13e927deb54fb012ff1405dcafa3423071a1651e87508dc2a8c87862c79f196,4,0x69ea6b31ef305d6b99bb2d4c9d99456fa108b02a,0x8c8d1170edec715723d0884775e78d9b3c35e32e,48160000000000000000,90000,23157879545,0,,0x,,235785,21000,12260763,0x,,48.16,received,0x8c8d1170edec715723d0884775e78d9b3c35e32e
1,3714457,1494908423,0xd5508908f20b9c2cae6840f54ae5146797b12078b12f2737dcabc0f5eb9e913a,0,0x68fc2c97f0c8ac36d94bf248f5ae5ad178ce3f03a2c33f1ccf7ede56e1192ac6,25,0x8c8d1170edec715723d0884775e78d9b3c35e32e,0xff3278087e7e75b06ba7303db9a57f3864b6a3ee,10000000000000000000,22642,20000000000,0,,0x,,711481,21000,12260453,0x,,10,sent,0x8c8d1170edec715723d0884775e78d9b3c35e32e
2,3719191,1494984144,0xf65d40b9e6c4fbde6d2fb6a1ca0b515457ad9b3f0b5469cefbd8257b15fbe5f3,4891,0x1d0bcab7a629887d4a582d6d04b12795ba29df2a177171268eda332338949562,97,0x9435d50503aee35c8757ae4933f7a0ab56597805,0x8c8d1170edec715723d0884775e78d9b3c35e32e,223205746000000000,90000,20000000000,0,,0x,,4094947,21000,12255719,0x,,0.223205746,received,0x8c8d1170edec715723d0884775e78d9b3c35e32e
3,3719872,1494995440,0xe686a4f1992111e8c3daf74426492378c819442e7ce19592804a0453902e72e2,1,0xcdbca5d9c2529afc5667a275186acac1cd817d6cc2b03c68fee7d63072be3548,51,0x8c8d1170edec715723d0884775e78d9b3c35e32e,0xff3278087e7e75b06ba7303db9a57f3864b6a3ee,10000000000000000000,21001,20000000000,0,,0x,,2630174,21000,12255038,0x,,10,sent,0x8c8d1170edec715723d0884775e78d9b3c35e32e
4,3719903,1494995974,0xc4c919bbbe9579d842e60c9f414f7df2eada1e3fd3ecd3c372deb0af860f4f07,2,0xabb86d6936b7e5fe8f7d549378f4fdcac2c767f484a6c924437d5c9a90d8c6bf,10,0x8c8d1170edec715723d0884775e78d9b3c35e32e,0xedb47396a7109def7202335038c281c53b82ab34,5000000000000000000,23101,20469063392,0,,0x,,788161,21000,12255007,0x,,5,sent,0x8c8d1170edec715723d0884775e78d9b3c35e32e
5,3721659,1495024337,0xf9def9ae9d5813d727d882c796b0f01eb9dce1f2f642c74e446de16a4fe23a1d,4944,0x7b082394038291be49cc83be586b4573d650952bad152ab41ec6aa9757a692b5,54,0x9435d50503aee35c8757ae4933f7a0ab56597805,0x8c8d1170edec715723d0884775e78d9b3c35e32e,342978208000000000,90000,20000000000,0,,0x,,2330719,21000,12253251,0x,,0.342978208,received,0x8c8d1170edec715723d0884775e78d9b3c35e32e
6,3724266,1495066303,0xbd8411f401764067ab806291ff2d5c2a867b2f989c17a9ce4c1aa2eabc5c52ea,3,0xf813956896580d65a50e09638b6bf492d828e55559abb48ef49382cc9bbee8a9,45,0x8c8d1170edec715723d0884775e78d9b3c35e32e,0x42ba2619d342ad90c71829b3da4a3279ac95e39d,500000000000000000,21001,20000000000,0,,0x,,2788569,21000,12250644,0x,,0.5,sent,0x8c8d1170edec715723d0884775e78d9b3c35e32e
7,3724657,1495072408,0xac6c8b1dafd886b684e0e83e5564e693059a725083876ed8021ea06018b09c3f,5015,0x616b78277cd5e1d856521a3de85d2d5caec2e88cb1067969758de054abef45c7,11,0x9435d50503aee35c8757ae4933f7a0ab56597805,0x8c8d1170edec715723d0884775e78d9b3c35e32e,390290721000000000,90000,21000000000,0,,0x,,527924,21000,12250253,0x,,0.390290721,received,0x8c8d1170edec715723d0884775e78d9b3c35e32e
8,3726710,1495105050,0x72cc5a2643e2ffdada35b62af581d77c24a04193058b24e6646d760516fa2dbc,4,0x573b54668e87d5f8e42a492092d633e14c0151f9dcc9c8e32cb0668e40957790,9,0x8c8d1170edec715723d0884775e78d9b3c35e32e,0x6090a6e47849629b7245dfa1ca21d94cd15878ef,1015856666000000000,500000,20000000000,0,,0xce92dced547cfb16bf4048341fc3d6438898dfcee242e25f895fd458537032ca00c0e79f,,691329,418372,12248200,0xce92dced,newBid(bytes32 sealedBid),1.015856666,sent,0x8c8d1170edec715723d0884775e78d9b3c35e32e
9,3726832,1495106963,0xb0142e676e3d85b31811b899aa34cf8bfb6dcd978f331e533d39ef8aafbd53dc,5,0x5131b420119cfc2d34f2bfb41af3f835064c9851b421fc20640f36360cbc9a5a,21,0x8c8d1170edec715723d0884775e78d9b3c35e32e,0x6090a6e47849629b7245dfa1ca21d94cd15878ef,20000000000000000,500000,20000000000,0,,0xce92dced9ead92d16afe3e528b0a46f6e8f70cca58d62584842afdbcb1271763d51a55eb,,1053243,418436,12248078,0xce92dced,newBid(bytes32 sealedBid),0.02,sent,0x8c8d1170edec715723d0884775e78d9b3c35e32e
10,3726846,1495107242,0x9df8b50aef42cffb40b759e00076c0eccf977787df34250e8fd77fe6b75a5239,6,0x5bc118e8f5330724f9f2649bcc341260e30ebbeb474b27e202706fc54d3d3712,48,0x8c8d1170edec715723d0884775e78d9b3c35e32e,0x6090a6e47849629b7245dfa1ca21d94cd15878ef,0,100000,20000000000,0,,0xede8acdb10d51c96d36e52b2b6fd3283696ff4cc339556441e653f212bf87ac059537b08,,2320648,59865,12248064,0xede8acdb,startAuction(bytes32 _hash),0,sent,0x8c8d1170edec715723d0884775e78d9b3c35e32e
11,3726861,1495107475,0xb2145710f3608d120958e97a28dd1e0a774565a4e52ab6f48988e236a432bd2b,7,0x08a8ba04adcecfaf19287ea45670fc31717ff6e02e2b9afef0856097b7e68f58,10,0x8c8d1170edec715723d0884775e78d9b3c35e32e,0x6090a6e47849629b7245dfa1ca21d94cd15878ef,154678464945841480,500000,20000000000,0,,0xce92dced0c9e9148715a115a5eebaffabc4c368c3e365e0fee131e45786a96067edb5ec2,,643107,418436,12248049,0xce92dced,newBid(bytes32 sealedBid),0.15467846494584148,sent,0x8c8d1170edec715723d0884775e78d9b3c35e32e
12,3726966,1495108847,0xaf6f163650dc2e6f5fcd4c1e1120da17004c333e45c8a4ee8727177fffffc8de,5033,0x76eb6affc3973578fe7e43311fac596d9d4d1eb499a209f790eeeefec86e1003,10,0x9435d50503aee35c8757ae4933f7a0ab56597805,0x8c8d1170edec715723d0884775e78d9b3c35e32e,290084531000000000,90000,20000000000,0,,0x,,807129,21000,12247944,0x,,0.290084531,received,0x8c8d1170edec715723d0884775e78d9b3c35e32e
13,3729870,1495154512,0x0ec76935ce85fc5b02f044c98cef04fc51a878e7c4f13883c84803b583cba278,5143,0xe4ab47fc6467737b02363ee32739424386039cb974d7439ec3010fbef1170307,5,0x9435d50503aee35c8757ae4933f7a0ab56597805,0x8c8d1170edec715723d0884775e78d9b3c35e32e,343403345000000000,90000,20000000000,0,,0x,,142117,21000,12245040,0x,,0.343403345,received,0x8c8d1170edec715723d0884775e78d9b3c35e32e
14,3730531,1495164939,0xddedb51345f0ff8cc8d3b42d2bca316bae453c58c840d62ce1d56ac0cf138cfe,8,0x9c1f8bfd819ebbb8fab4916fb96739b32f8fe6c33ca743babf7210cfba2a747c,34,0x8c8d1170edec715723d0884775e78d9b3c35e32e,0x6090a6e47849629b7245dfa1ca21d94cd15878ef,10100000000000000,500000,20000000000,0,,0xce92dced806510d0e63c879a174e094fdc9d3bfdcaed022daea8a3010fa156c77322686a,,2014545,418436,12244379,0xce92dced,newBid(bytes32 sealedBid),0.0101,sent,0x8c8d1170edec715723d0884775e78d9b3c35e32e
15,3731083,1495173961,0xac5928429867957682dd7fc7cfdab45392374f945676cdef024d4ea2ee10322a,9,0xe90842d951793e4400de5a773ef8dfeb4c94a39abfdeea67b586e5993f405e19,28,0x8c8d1170edec715723d0884775e78d9b3c35e32e,0x6090a6e47849629b7245dfa1ca21d94cd15878ef,0,500000,20000000000,0,,0x47872b4235e78645f5a402dc0b2e28df5804e0dbeab415e728c48841dc3d04ec5b6a05960000000000000000000000000000000000000000000000000de0b6b3a7640000a95799a717d545d3d7a001bf94908e275182e72caf7df6bbff337f991aabbf31,,2110175,53624,12243827,0x47872b42,"unsealBid(bytes32 _hash, uint256 _value, bytes32 _salt)",0,sent,0x8c8d1170edec715723d0884775e78d9b3c35e32e
16,3731088,1495174020,0x71988d3d6ce46ce2f3a949c59205f6bd4c8e90b4ee401f84717fe930beacba00,10,0xd615470884f60801847c475b6fb9abc6e30210bf58e97dc291a8e814d9c901b7,27,0x8c8d1170edec715723d0884775e78d9b3c35e32e,0x6090a6e47849629b7245dfa1ca21d94cd15878ef,0,500000,20000000000,0,,0x47872b4235e78645f5a402dc0b2e28df5804e0dbeab415e728c48841dc3d04ec5b6a0596000000000000000000000000000000000000000000000000002386f26fc100004e03657aea45a94fc7d47ba826c8d667c0d1e6e33a64a036ec44f58fa12d6c45,,2602014,43574,12243822,0x47872b42,"unsealBid(bytes32 _hash, uint256 _value, bytes32 _salt)",0,sent,0x8c8d1170edec715723d0884775e78d9b3c35e32e
17,3731113,1495174439,0x8a68ca5191780143c32206ffaf0cbf6fb33e2d658d15e120748253ab18b8dd8a,11,0x8012d0a4163432dbd296030ed358daecc8fc148b5313ff89b9698a2dda4edff3,32,0x8c8d1170edec715723d0884775e78d9b3c35e32e,0x6090a6e47849629b7245dfa1ca21d94cd15878ef,0,100000,20000000000,0,,0xede8acdb4370acaa09479e7e4a1ad50add43f0cbb048d68e0f0991143628da30c5b39b46,,1491150,59865,12243797,0xede8acdb,startAuction(bytes32 _hash),0,sent,0x8c8d1170edec715723d0884775e78d9b3c35e32e
18,3731119,1495174539,0xa9a5cc000fc8cd921297e7781586b725a945f0ff8602e6082d48563376bf9a5d,12,0xd21fd77c50afc52ab6256dbc1a69634713058d112aa6be0137e4c07ae1c721e3,23,0x8c8d1170edec715723d0884775e78d9b3c35e32e,0x6090a6e47849629b7245dfa1ca21d94cd15878ef,10005000000000000,500000,20000000000,0,,0xce92dced9a266e48f06bb6e9de28761e63378b393f059295ace48faa18ce03509a5ee270,,2289866,418436,12243791,0xce92dced,newBid(bytes32 sealedBid),0.010005,sent,0x8c8d1170edec715723d0884775e78d9b3c35e32e
19,3732453,1495196168,0xe3496b6b7ade0a697e5f9fb89c66814cfa5ef48c4cebfdd8108f2695db18aa3e,5191,0x4d84594b38079074a3521e2f60c9d8df88e5bfc05efb2c3acc7d5670269fe82d,32,0x9435d50503aee35c8757ae4933f7a0ab56597805,0x8c8d1170edec715723d0884775e78d9b3c35e32e,314022458000000000,90000,20000000000,0,,0x,,2124151,21000,12242457,0x,,0.314022458,received,0x8c8d1170edec715723d0884775e78d9b3c35e32e
20,3733656,1495214444,0x6721b6f206d496e5c4082320f5de419ba2a46de31238ff5dda646f2fb751b61a,13,0xf2547bdd34a1046b0e1751b941756238b1d1f49fa4b8919175b187897045e6b7,21,0x8c8d1170edec715723d0884775e78d9b3c35e32e,0x6090a6e47849629b7245dfa1ca21d94cd15878ef,0,100000,20000000000,0,,0xede8acdb277e7d8bc09bccc796c9ed8d675c36c9bb62eec52f7b6019027d84dda9cacfa8,,1601399,59865,12241254,0xede8acdb,startAuction(bytes32 _hash),0,sent,0x8c8d1170edec715723d0884775e78d9b3c35e32e
21,3733660,1495214498,0xd58fdf0a53cb2d54f7c66094e1758e0a95471a70a0d98855c6032e0065e02be8,14,0xcd40cfe02f4cc9a83d0c86bad860cfde7cf43358f0846ee0506a43bf7014e2d8,37,0x8c8d1170edec715723d0884775e78d9b3c35e32e,0x6090a6e47849629b7245dfa1ca21d94cd15878ef,10000000800000000,500000,20000000000,0,,0xce92dced444b644e5bc27f677f36bff534d89bd25021df67988624b09deb6b02929f9949,,1542736,418436,12241250,0xce92dced,newBid(bytes32 sealedBid),0.0100000008,sent,0x8c8d1170edec715723d0884775e78d9b3c35e32e
22,3734963,1495236213,0x062c6ae939b1859cf5520744f67fbd9fefc3aca04cd2cfbc3b91fa2fb45fd9ae,15,0xa0edbeedb7bfe1d73fe0741d7ac2b97161364fb7da710d6653e6fd5d7e2ba9f0,44,0x8c8d1170edec715723d0884775e78d9b3c35e32e,0x95677e6f180c2e1456fa9aafe87c52bc30a2b578,1000000000000000000,21001,20550790880,0,,0x,,1875605,21000,12239947,0x,,1,sent,0x8c8d1170edec715723d0884775e78d9b3c35e32e
23,3735361,1495242312,0xd29f2ce3b1390babc60ea77ab66f524615749032137c7c6cfff0db0061cbf68c,5292,0x5eef180131b9b2221367aa263c876b051323cc4b0051a0fa0d786ffea1640824,37,0x9435d50503aee35c8757ae4933f7a0ab56597805,0x8c8d1170edec715723d0884775e78d9b3c35e32e,338418963000000000,90000,21000000000,0,,0x,,2098721,21000,12239549,0x,,0.338418963,received,0x8c8d1170edec715723d0884775e78d9b3c35e32e
24,3736259,1495256444,0xb21de889a762d6845df70222c57c30f9fc1566f59e54b0550bfae5849b482182,16,0x5f08c520fa54d1a2c7e88a1b7508a85fa894efaa583aa51046601c549f8b16f4,0,0x8c8d1170edec715723d0884775e78d9b3c35e32e,0x7151053d79df1979f91ffd145a6ff284ef15e3c8,23000000000000000000,23101,23386026914,0,,0x,,21000,21000,12238651,0x,,23,sent,0x8c8d1170edec715723d0884775e78d9b3c35e32e
25,3737392,1495275072,0xcc909749e8e72a2114371f1b69b3a27d85881c45bc38ed6253a0e08c3b6adf47,17,0xb4bb7ad30bfd66e4b000e24979e1c8f09d72599969a3a19c048b7d20c2a37672,18,0x8c8d1170edec715723d0884775e78d9b3c35e32e,0x6090a6e47849629b7245dfa1ca21d94cd15878ef,0,100000,20000000000,0,,0xede8acdb2b805dcad267e7e914b5d1864db73d22a88e47578326f2cba71339c00c0191a3,,612176,59865,12237518,0xede8acdb,startAuction(bytes32 _hash),0,sent,0x8c8d1170edec715723d0884775e78d9b3c35e32e
26,3737395,1495275127,0xdebbcc5beb73b07cf5aea39a38edc5247017e92b539de157bf8806e3d29ec4bf,18,0x5d306d9582b3e88e30460ba9c72c770e82efdda810f1011a9192299fc5adbbdc,21,0x8c8d1170edec715723d0884775e78d9b3c35e32e,0x6090a6e47849629b7245dfa1ca21d94cd15878ef,0,100000,20000000000,0,,0xede8acdb2b805dcad267e7e914b5d1864db73d22a88e47578326f2cba71339c00c0191a3,,655970,28269,12237515,0xede8acdb,startAuction(bytes32 _hash),0,sent,0x8c8d1170edec715723d0884775e78d9b3c35e32e
27,3737404,1495275225,0x5bac5ed0cbaa877adc483609cca077c950391f410bf8185e29960de9ebfc3658,19,0x03178175fbdb975bbd8def289f3b9792c585246882ad4bda24856b70cd3b92a1,44,0x8c8d1170edec715723d0884775e78d9b3c35e32e,0x6090a6e47849629b7245dfa1ca21d94cd15878ef,10000000000400000,500000,20000000000,0,,0xce92dced959e2bd2dd107a5fdc252dcef8377d7c9bfbadcf794d276de8256328f73095bc,,2226852,418436,12237506,0xce92dced,newBid(bytes32 sealedBid),0.0100000000004,sent,0x8c8d1170edec715723d0884775e78d9b3c35e32e
28,3737691,1495279854,0x8799a174238d7cc713a282a84968239aa1b41d6aef17705b80642c0e0bda062a,20,0x6be96f91f00b3ef55410d875252deed0f7fc1a836836fa7791af06cc6f49d5ad,26,0x8c8d1170edec715723d0884775e78d9b3c35e32e,0x6090a6e47849629b7245dfa1ca21d94cd15878ef,0,100000,20000000000,0,,0xede8acdb03a7c8b36e88788067fe32a459e83695093da7338a7b46492b168260069711cc,,1352558,59865,12237219,0xede8acdb,startAuction(bytes32 _hash),0,sent,0x8c8d1170edec715723d0884775e78d9b3c35e32e
29,3737706,1495280035,0xf6466cc94c19589d3f0a70715e8e5b866a3df70e1b00b27bc87131db4625bb73,21,0x1ead616c5459a1437b1779d5dbc585295c2d33948f871c6c74485693f9e37fe2,32,0x8c8d1170edec715723d0884775e78d9b3c35e32e,0x6090a6e47849629b7245dfa1ca21d94cd15878ef,111110000000008000,500000,20000000000,0,,0xce92dcedaa565de93f457ccad4254f99d5b7c9d1ce27072c55e24967e113f806926df5bb,,2690342,418436,12237204,0xce92dced,newBid(bytes32 sealedBid),0.111110000000008,sent,0x8c8d1170edec715723d0884775e78d9b3c35e32e
30,3737855,1495282580,0x47fb3fbaa498a8dba11312ce675ed42fe5cd351b4cf30ce021c48bb86b9da704,5325,0x60d3c971f976159dfb38459ada68d9e52a60a765356164340d6e52b534e1d4f7,19,0x9435d50503aee35c8757ae4933f7a0ab56597805,0x8c8d1170edec715723d0884775e78d9b3c35e32e,310233235000000000,90000,21000000000,0,,0x,,2371204,21000,12237055,0x,,0.310233235,received,0x8c8d1170edec715723d0884775e78d9b3c35e32e
31,3738276,1495288634,0x4071b6e3af213aecce3ec33709fff7382d5148c0fe782fadb647167026d3d63b,22,0x1a88837e5fe21eac3fbe2a485aeceaaf71736cb2d15ba3c4eb774b622974d1b7,30,0x8c8d1170edec715723d0884775e78d9b3c35e32e,0x6090a6e47849629b7245dfa1ca21d94cd15878ef,0,500000,20000000000,0,,0x47872b4215a80139046e5e6c3c2f909ebb77605401f3918df1ccc1a1483ceb2568d5f5d000000000000000000000000000000000000000000000000000470de4df820000a95799a717d545d3d7a001bf94908e275182e72caf7df6bbff337f991aabbf31,,2338428,81116,12236634,0x47872b42,"unsealBid(bytes32 _hash, uint256 _value, bytes32 _salt)",0,sent,0x8c8d1170edec715723d0884775e78d9b3c35e32e
32,3740647,1495325557,0x7d289d69f63b95845cded11ac7a1e8064545dde8d542c8690e0cbd2160fb6ccb,5377,0x23699090ea5b656f45c2f46d099165cfddb7d460e1dfc6f6fb85aa5a15d07048,34,0x9435d50503aee35c8757ae4933f7a0ab56597805,0x8c8d1170edec715723d0884775e78d9b3c35e32e,325480762000000000,90000,21000000000,0,,0x,,2541434,21000,12234263,0x,,0.325480762,received,0x8c8d1170edec715723d0884775e78d9b3c35e32e
33,3742422,1495353864,0x96e9a5e2bfa2f808db4f35806bec1986e2c82b76b63f4b3fde0aadc3a468c4e6,23,0xbf6bd1dbf9c0db4862c1be7d9665e0163ee9eefe2f084abd06351b7c1c6faa79,5,0x8c8d1170edec715723d0884775e78d9b3c35e32e,0x6090a6e47849629b7245dfa1ca21d94cd15878ef,0,100000,20000000000,0,,0xede8acdb05eabcf8e69f038cdd0f857477f7d99f93a996ef36f64948f3d5636007af79a4,,182679,59865,12232488,0xede8acdb,startAuction(bytes32 _hash),0,sent,0x8c8d1170edec715723d0884775e78d9b3c35e32e
34,3742426,1495353910,0x16e203fbb2d3c5abbda5f9b12505cf46fc75b2b3033b9128782f9fc5d0b4840c,24,0xcd852d14a6e021cb7a9b5b854b76ea52be15ed468ffc2c4bde60be30da0688a1,11,0x8c8d1170edec715723d0884775e78d9b3c35e32e,0x6090a6e47849629b7245dfa1ca21d94cd15878ef,10000008585580000,500000,20000000000,0,,0xce92dced68645d62a6d83429cfd27c3dd3c2e706763ff17a1c13750cbd46a0f8e90b2123,,1216847,418436,12232484,0xce92dced,newBid(bytes32 sealedBid),0.01000000858558,sent,0x8c8d1170edec715723d0884775e78d9b3c35e32e
35,3743235,1495366633,0x6f2e637908579b1d310047c3bdf4a264890cbb769786e9ac8843b8db08a99d72,25,0x627de5b307cd6e9eda20125c3a531828c6e46c3d178d0be0a9022f07122b9a71,40,0x8c8d1170edec715723d0884775e78d9b3c35e32e,0x6090a6e47849629b7245dfa1ca21d94cd15878ef,0,500000,20000000000,0,,0x47872b4210d51c96d36e52b2b6fd3283696ff4cc339556441e653f212bf87ac059537b08000000000000000000000000000000000000000000000000016345785d8a0000bab9c24bca77f32b7b8ea94f4001f1b0bf88591944ee378ffafa07eead986ff2,,2055788,87879,12231675,0x47872b42,"unsealBid(bytes32 _hash, uint256 _value, bytes32 _salt)",0,sent,0x8c8d1170edec715723d0884775e78d9b3c35e32e
36,3743334,1495368262,0xffd0e97eb5cf9e77f5dcfdcc76e9cbb88ca503cb4a7ebb143b9957ac0a8a705d,5447,0x0be491cd4dabf2651e7a6e675c6701ef9c1dc88e29980b2f89f764d841b95226,13,0x9435d50503aee35c8757ae4933f7a0ab56597805,0x8c8d1170edec715723d0884775e78d9b3c35e32e,279936318000000000,90000,20953064200,0,,0x,,990859,21000,12231576,0x,,0.279936318,received,0x8c8d1170edec715723d0884775e78d9b3c35e32e
37,3744173,1495381977,0x751cea9dd1ed76ddafebcbd05975434ad3787d8e94b38b5c57e23bdc7073e3ca,26,0xe02dd5f485caac9a36276b57db9208dfb881a5c4bfcf59dcb013556fb32b045d,41,0x8c8d1170edec715723d0884775e78d9b3c35e32e,0x6090a6e47849629b7245dfa1ca21d94cd15878ef,0,100000,20000000000,0,,0xede8acdb00ef33424b5e835b4de4cfe2a1306e8d24dfe68dfab4b0df4200520835568148,,2031541,44737,12230737,0xede8acdb,startAuction(bytes32 _hash),0,sent,0x8c8d1170edec715723d0884775e78d9b3c35e32e
38,3744179,1495382093,0xd3a3e33f8bcae2d6abfc5d57b52e6f5824b81430675322c29f3ef9c02b7e8cbd,27,0x35971570f4ea9c175d8cfa1be55256dca63d8de9986263814a792300dde104bb,43,0x8c8d1170edec715723d0884775e78d9b3c35e32e,0x6090a6e47849629b7245dfa1ca21d94cd15878ef,10000000009000000,500000,20000000000,0,,0xce92dcedeeeba84047d68dc95e334dc5cc4bf86959d8a6541da46dcfa9bf721b6afb0157,,2912277,418436,12230731,0xce92dced,newBid(bytes32 sealedBid),0.010000000009,sent,0x8c8d1170edec715723d0884775e78d9b3c35e32e
39,3745912,1495409272,0x95f252b567565d9c9adf5efccd8ee90bb74c8b6f49279aa6ec9761ca529d0dda,28,0x5e9e9ab6af9d55fa1919fdf473b16e2ce021379bc69c1a71a38ac4956dd50d13,9,0x8c8d1170edec715723d0884775e78d9b3c35e32e,0x6090a6e47849629b7245dfa1ca21d94cd15878ef,0,100000,20000000000,0,,0xede8acdb09f17a215396a77e39919eae486138cac22835609e2fb4fe973103567df0da95,,319026,59865,12228998,0xede8acdb,startAuction(bytes32 _hash),0,sent,0x8c8d1170edec715723d0884775e78d9b3c35e32e
40,3745916,1495409324,0x5ff1f292d6ac759913b683a69761a43bc3b1cd2a74c7e1e8f711852d2ee8c5d0,29,0x6ded9738057997b1c22befa20bf9ce7e26945a5ac1b9fd3a2c86bc5a1e479f5b,21,0x8c8d1170edec715723d0884775e78d9b3c35e32e,0x6090a6e47849629b7245dfa1ca21d94cd15878ef,10000000000001000,500000,20000000000,0,,0xce92dcedc5b162f4a2db5121ae9ecef4b57afd73cf5fd1ab54c37930bec2ad40c810eea1,,1488541,418436,12228994,0xce92dced,newBid(bytes32 sealedBid),0.010000000000001,sent,0x8c8d1170edec715723d0884775e78d9b3c35e32e
41,3746252,1495414393,0x73b64903b71ab2a6098e439915517a20a7b4f0c350afbe142cac7122966dda1c,5553,0x23f10690abd563b095af5b90680703eb90781601f29331f220700b7fc2ea3c02,30,0x9435d50503aee35c8757ae4933f7a0ab56597805,0x8c8d1170edec715723d0884775e78d9b3c35e32e,344633204000000000,90000,20000000000,0,,0x,,742389,21000,12228658,0x,,0.344633204,received,0x8c8d1170edec715723d0884775e78d9b3c35e32e
42,3747726,1495438088,0xcdb336864c524c7a2c944663385bc1b3d5e7244e68b018c8792f1bad692fbe16,30,0xe94f1426a7b7b697e43fe5dad6dce73e82ffd7a41d9918e84b2c48e95c295ef4,54,0x8c8d1170edec715723d0884775e78d9b3c35e32e,0x6090a6e47849629b7245dfa1ca21d94cd15878ef,0,100000,20000000000,0,,0xede8acdb23d72e2675c674312a295174d19d45dd0b43b601b9e42ad98478e2d2f4372c6a,,2526059,59865,12227184,0xede8acdb,startAuction(bytes32 _hash),0,sent,0x8c8d1170edec715723d0884775e78d9b3c35e32e
43,3747729,1495438151,0x7c7e9c168cd7cc024ee98e3b87466106a2ad7b6b897fc511abaf171ca6ab4849,31,0xf2919d79cedd7f237f4e16141bf3f61736c874fae4d8bd7450cfb775c764ead3,31,0x8c8d1170edec715723d0884775e78d9b3c35e32e,0x6090a6e47849629b7245dfa1ca21d94cd15878ef,0,100000,20000000000,0,,0xede8acdb23d72e2675c674312a295174d19d45dd0b43b601b9e42ad98478e2d2f4372c6a,,1176751,28269,12227181,0xede8acdb,startAuction(bytes32 _hash),0,sent,0x8c8d1170edec715723d0884775e78d9b3c35e32e
44,3747759,1495438572,0x5c726997edb8187b57d503c5434e9288283ef2eb487498f82e9ffa092d396157,32,0x58e0d93cab40ecd43a5c62fe3560aa9d48bca96bd6cf3ef369df9a470c98a996,23,0x8c8d1170edec715723d0884775e78d9b3c35e32e,0x6090a6e47849629b7245dfa1ca21d94cd15878ef,0,500000,20000000000,0,,0x47872b424370acaa09479e7e4a1ad50add43f0cbb048d68e0f0991143628da30c5b39b46000000000000000000000000000000000000000000000000002386f26fc100004e03657aea45a94fc7d47ba826c8d667c0d1e6e33a64a036ec44f58fa12d6c45,,796814,87815,12227151,0x47872b42,"unsealBid(bytes32 _hash, uint256 _value, bytes32 _salt)",0,sent,0x8c8d1170edec715723d0884775e78d9b3c35e32e
45,3748240,1495446091,0xe1b4f674a7f78203d7f41200a5294493031fdacf3ed96bbf2bb97a0d2220ef75,33,0xec039154b61b08f32937866d2dbf99985c4142a4654ef68f6363eb5fc178e7d5,34,0x8c8d1170edec715723d0884775e78d9b3c35e32e,0x6090a6e47849629b7245dfa1ca21d94cd15878ef,0,100000,20000000000,0,,0xede8acdb4a45a7101becf559044df2370875b15cd148035e9c293c74d2d8e3ea4851a3ff,,2082485,59865,12226670,0xede8acdb,startAuction(bytes32 _hash),0,sent,0x8c8d1170edec715723d0884775e78d9b3c35e32e
46,3748250,1495446217,0x1b190ef10760e5951299973c4a0947ea1d596d464457c38c5ab607d4c115b8eb,34,0x33c32328ba5f544aa8867efc90da934e6565a742a41bb89998df3577fadf8c8d,18,0x8c8d1170edec715723d0884775e78d9b3c35e32e,0x6090a6e47849629b7245dfa1ca21d94cd15878ef,0,100000,20000000000,0,,0xede8acdb4a45a7101becf559044df2370875b15cd148035e9c293c74d2d8e3ea4851a3ff,,791348,28269,12226660,0xede8acdb,startAuction(bytes32 _hash),0,sent,0x8c8d1170edec715723d0884775e78d9b3c35e32e
47,3748302,1495446966,0x129461d10a957f4eb4520ca50e3f94fd56fdfb1d9336369fe227ecefe80c1e61,35,0x64697d1e9ecb38af1b4d6550e19a70ea1f7f1f4abccec7321e5bf3252e2130df,13,0x8c8d1170edec715723d0884775e78d9b3c35e32e,0x6090a6e47849629b7245dfa1ca21d94cd15878ef,10800000000000000,500000,20000000000,0,,0xce92dceddf1a671e3eea24fafa808204d3c3abcc92cb27a7ab892184b6de62b60e668677,,830691,418436,12226608,0xce92dced,newBid(bytes32 sealedBid),0.0108,sent,0x8c8d1170edec715723d0884775e78d9b3c35e32e
48,3748854,1495455085,0x8c8652c19e13e76d045189b33726d5bf668d1b2971b316b2a87494a9b799e923,5594,0xda161267b794f7f9a807ab788ef8c152b7e375e5a678b0245d2108ef08feace5,51,0x9435d50503aee35c8757ae4933f7a0ab56597805,0x8c8d1170edec715723d0884775e78d9b3c35e32e,286690722000000000,90000,20000000000,0,,0x,,1971003,21000,12226056,0x,,0.286690722,received,0x8c8d1170edec715723d0884775e78d9b3c35e32e
49,3749088,1495458984,0xd8dfddcbe70ddbb03b5581480f1c7888893e89b1ed56e1abf12f38ddb1d928e1,36,0xc6b43871fbee0ead27d91e94e859af65152d4e8908afa76d18a2192042e80d23,28,0x8c8d1170edec715723d0884775e78d9b3c35e32e,0x6090a6e47849629b7245dfa1ca21d94cd15878ef,0,500000,20000000000,0,,0x983b94fb15a80139046e5e6c3c2f909ebb77605401f3918df1ccc1a1483ceb2568d5f5d0,,1059462,84918,12225822,0x983b94fb,finalizeAuction(bytes32 _hash),0,sent,0x8c8d1170edec715723d0884775e78d9b3c35e32e
50,3749256,1495461852,0x116f7ea7d8c689e104bc60f1ad8ce727bbe36a677399ad000bfcc3dd00021c11,37,0x8207bd9f4a7c7b6af790831a81780c71942707df15f26599dbcb6e320a9eee75,20,0x8c8d1170edec715723d0884775e78d9b3c35e32e,0x6090a6e47849629b7245dfa1ca21d94cd15878ef,999000087548494000,500000,20000000000,0,,0xce92dceddee39c18e99d9080ff8e3335d155783118e013567ad87c654275e1832cf31b35,,871211,418436,12225654,0xce92dced,newBid(bytes32 sealedBid),0.999000087548494,sent,0x8c8d1170edec715723d0884775e78d9b3c35e32e
51,3751281,1495493810,0xd8781d8ef19f0bf1d1068c86f641ac024edda27273f36f58479d2530ff1731b1,38,0x10d629993414dfe1c515ff49688a98b7766bd4644c7d2537f8de5129fdd163f0,31,0x8c8d1170edec715723d0884775e78d9b3c35e32e,0x6090a6e47849629b7245dfa1ca21d94cd15878ef,0,500000,20000000000,0,,0x47872b42277e7d8bc09bccc796c9ed8d675c36c9bb62eec52f7b6019027d84dda9cacfa8000000000000000000000000000000000000000000000000002386f26fc10000a95799a717d545d3d7a001bf94908e275182e72caf7df6bbff337f991aabbf31,,2233339,87815,12223629,0x47872b42,"unsealBid(bytes32 _hash, uint256 _value, bytes32 _salt)",0,sent,0x8c8d1170edec715723d0884775e78d9b3c35e32e
52,3751610,1495499193,0xd4cc3634d9b545417b99e5abd2ec67d74f28002e497a9656b0dd33b0f7840a5b,5666,0xab94dde97890d1ac1adeb8df4df9673c6cc18d246d5c8e2297d3950e1fcbb5ff,44,0x9435d50503aee35c8757ae4933f7a0ab56597805,0x8c8d1170edec715723d0884775e78d9b3c35e32e,312267465000000000,90000,21703120162,0,,0x,,1274485,21000,12223300,0x,,0.312267465,received,0x8c8d1170edec715723d0884775e78d9b3c35e32e
53,3751876,1495504185,0xf3372424412a1cace371d8b26afbb667eba406c147ecfe1822e5a4b85b465683,39,0xa4d8bcb97a968aec3a92ff6237ead835c5fbdf376da951d245ec83258b50da4a,37,0x8c8d1170edec715723d0884775e78d9b3c35e32e,0x6090a6e47849629b7245dfa1ca21d94cd15878ef,0,100000,20000000000,0,,0xede8acdb0821335562999e43f95f2fa7116c5d81d572bd0bd6c14c064a72daea468647b5,,3925893,59865,12223034,0xede8acdb,startAuction(bytes32 _hash),0,sent,0x8c8d1170edec715723d0884775e78d9b3c35e32e
54,3751880,1495504290,0x1082ae669b2ac1f9a9f7c2af2204957a195561ae9cba6900ab92832011a5d332,40,0x1b3cb95070f1233a1f9b5724a437b3dc98edee5d6cb19af163b1ebaf1e72bc2c,42,0x8c8d1170edec715723d0884775e78d9b3c35e32e,0x6090a6e47849629b7245dfa1ca21d94cd15878ef,10016000000000000,500000,20000000000,0,,0xce92dced272e5dbcfcdf7b813799a6200b514d569c63ea0d6ecaa778a054843fffe475e4,,3622644,418436,12223030,0xce92dced,newBid(bytes32 sealedBid),0.010016,sent,0x8c8d1170edec715723d0884775e78d9b3c35e32e
55,3751888,1495504388,0x5bafda59cecc017e0708f8c20054f687675644b5a956f64fae4066ef0a6fecee,41,0x747c6f09444014fbb7eac3ea43f92121861aadc0929d45f0777421ca20174356,45,0x8c8d1170edec715723d0884775e78d9b3c35e32e,0x6090a6e47849629b7245dfa1ca21d94cd15878ef,0,100000,20000000000,0,,0xede8acdb2907a9bcd0546ec55ddc920f22e0ed4e60d9aeb1ebe5c7accb0b17d4a4b25bbd,,1771934,59865,12223022,0xede8acdb,startAuction(bytes32 _hash),0,sent,0x8c8d1170edec715723d0884775e78d9b3c35e32e
56,3751895,1495504474,0x409de799b83b96c243a0e576bba70ad667156b50570eb6f69b38c24b13281b9a,42,0x343698c7a674407210611ae23bad814eeb5247728d45289d84c1ba5cdf956e6d,18,0x8c8d1170edec715723d0884775e78d9b3c35e32e,0x6090a6e47849629b7245dfa1ca21d94cd15878ef,11000000999900000,500000,20000000000,0,,0xce92dced91d9cb7416a093431676ed566b740c5d2152190bd1ae61a15cb13591e480a93e,,1371084,418436,12223015,0xce92dced,newBid(bytes32 sealedBid),0.0110000009999,sent,0x8c8d1170edec715723d0884775e78d9b3c35e32e
57,3752687,1495516857,0x9c9807827b68d26c6f74b4701b894bd8bf39c70ea07d077f111684e559ab27f6,43,0x87c6f228c2ae54f2722b64c052c17c5dc60cefb08feed97f8480e78019c2b5af,35,0x8c8d1170edec715723d0884775e78d9b3c35e32e,0x314159265dd8dbb310642f98f50c066173c1259b,0,100000,20000000000,0,,0x1896f70aedb3ec40e949d03ed54704299eef83eff96b7565dea071777d2bcb21459925bd0000000000000000000000001da022710df5002339274aadee8d58218e9d6ab5,,2114545,47111,12222223,0x1896f70a,"setResolver(bytes32 node, address resolver)",0,sent,0x8c8d1170edec715723d0884775e78d9b3c35e32e
58,3752690,1495516905,0xb103347ba03a642b49518c6ce6095574e79b775526118aaa39ab4993a72cdb87,44,0xe7c5685895922d342b744bfb309384986afa0a0ebd3335209d302992aae97c0a,1,0x8c8d1170edec715723d0884775e78d9b3c35e32e,0x1da022710df5002339274aadee8d58218e9d6ab5,0,100000,22688334055,0,,0xd5fa2b00edb3ec40e949d03ed54704299eef83eff96b7565dea071777d2bcb21459925bd0000000000000000000000008c8d1170edec715723d0884775e78d9b3c35e32e,,78774,49553,12222220,0xd5fa2b00,"setAddr(bytes32 node, address addr)",0,sent,0x8c8d1170edec715723d0884775e78d9b3c35e32e
59,3752695,1495516967,0x00f02018c3d7ae943d81060c33f07443e78f2969b5ee0abaa984dcb2acebdc62,45,0x5e8b9e0cde43b00cb6c854284678b2ea6911a576b1c67accbd01725ea1529c2e,25,0x8c8d1170edec715723d0884775e78d9b3c35e32e,0x1da022710df5002339274aadee8d58218e9d6ab5,0,100000,21799151372,0,,0xd5fa2b00edb3ec40e949d03ed54704299eef83eff96b7565dea071777d2bcb21459925bd0000000000000000000000008c8d1170edec715723d0884775e78d9b3c35e32e,,1110034,34553,12222215,0xd5fa2b00,"setAddr(bytes32 node, address addr)",0,sent,0x8c8d1170edec715723d0884775e78d9b3c35e32e
60,3752698,1495517032,0x659d83e7ea0bdab792d63d0feb263ef05190f95f17a1635694d73d96fb1c75d1,46,0xae949594e185af88e36b4272c5b75f3a9d0fbd3614571b2bd707f19c4a966766,14,0x8c8d1170edec715723d0884775e78d9b3c35e32e,0x1da022710df5002339274aadee8d58218e9d6ab5,0,100000,23381129580,0,,0xd5fa2b00edb3ec40e949d03ed54704299eef83eff96b7565dea071777d2bcb21459925bd0000000000000000000000008c8d1170edec715723d0884775e78d9b3c35e32e,,1164715,34553,12222212,0xd5fa2b00,"setAddr(bytes32 node, address addr)",0,sent,0x8c8d1170edec715723d0884775e78d9b3c35e32e
61,3752925,1495520677,0x95cadf97a50c936ac9afb08fe6424b4af5c5a9aad0b11167c39440d5d2126d3e,729334,0x6b1aa40a987ddb0f64a247526b1595f942de668fefc6b4d19be96fd13d119735,19,0x61c808d82a3ac53231750dadc13c777b59310bd9,0x8c8d1170edec715723d0884775e78d9b3c35e32e,165206581424509681,90000,20000000000,0,,0x,,421966,21000,12221985,0x,,0.165206581424509681,received,0x8c8d1170edec715723d0884775e78d9b3c35e32e
62,3753096,1495523506,0x63af2868a93e2d7481e29e5d82f278b8d87c4fe41c3da2f648c3bd0a5bcdb783,47,0x260f52a9965ef285e1486f0a5aea84da2a16bc67e6e901a651a4d5f95c309479,12,0x8c8d1170edec715723d0884775e78d9b3c35e32e,0x6090a6e47849629b7245dfa1ca21d94cd15878ef,0,100000,20000000000,0,,0xede8acdb39bb9c232c7a18ee01a9749f682c1b12ed6d06ab16aaefa7bc6855a7403eea1c,,1027039,59865,12221814,0xede8acdb,startAuction(bytes32 _hash),0,sent,0x8c8d1170edec715723d0884775e78d9b3c35e32e
63,3753100,1495523553,0xf249a9a291310cc91ac660dd0ce1e10002897c2244407e225f5089fc03d81491,48,0xff4dab092c380d0b41c0c75510d9669039f44f8ae23451b4c1a616a05026967c,20,0x8c8d1170edec715723d0884775e78d9b3c35e32e,0x6090a6e47849629b7245dfa1ca21d94cd15878ef,0,100000,20000000000,0,,0xede8acdb39bb9c232c7a18ee01a9749f682c1b12ed6d06ab16aaefa7bc6855a7403eea1c,,739203,28269,12221810,0xede8acdb,startAuction(bytes32 _hash),0,sent,0x8c8d1170edec715723d0884775e78d9b3c35e32e
64,3753104,1495523629,0x00b728d8d2bcd148dd6edf62fbc81157985ef238c42e41f16a473998e62d18f1,49,0xc0baec99fa601c0a2c970f2dd514b65c7d4416c471bca37762e60bafa0f962ae,41,0x8c8d1170edec715723d0884775e78d9b3c35e32e,0x6090a6e47849629b7245dfa1ca21d94cd15878ef,10000000000000000,500000,20000000000,0,,0xce92dced010545438bf0f7725fe6aa9d44f3ae45e95d5955314cfd6ee6896320bf19d0ef,,2042893,418436,12221806,0xce92dced,newBid(bytes32 sealedBid),0.01,sent,0x8c8d1170edec715723d0884775e78d9b3c35e32e
65,3753336,1495527255,0x7f485933c122113b3697849c8676f9275c55d45b5c6cbabb72c80a592d4ebba5,50,0x92a2d117074f9f6c42c21b0b1181a68cc3be139e701b86ff2a8a539eaad741f3,22,0x8c8d1170edec715723d0884775e78d9b3c35e32e,0x6090a6e47849629b7245dfa1ca21d94cd15878ef,0,100000,20000000000,0,,0xede8acdb09906a6155f16ccb3cdb24a51676442e19b0a374e0031732c4b83ddcc5a9d7d5,,1012216,59865,12221574,0xede8acdb,startAuction(bytes32 _hash),0,sent,0x8c8d1170edec715723d0884775e78d9b3c35e32e
66,3753343,1495527323,0xd7a781d85ee6ff39741952d149a38b700ce82dbdb5be723cccc3d3c2c82b1820,51,0xb4ed19eb8170110522a62127650aab0c32d201687b310fb2987eb90f69d9a160,11,0x8c8d1170edec715723d0884775e78d9b3c35e32e,0x6090a6e47849629b7245dfa1ca21d94cd15878ef,10000000000000000,500000,20000000000,0,,0xce92dced8684d6d2ad04858be666554f0f6508c0293e7e450cd5ca7e631aa2fd5328f58d,,1398467,418436,12221567,0xce92dced,newBid(bytes32 sealedBid),0.01,sent,0x8c8d1170edec715723d0884775e78d9b3c35e32e
67,3753396,1495528235,0xbdd7732deee97d2113ceaa2d5af57d84fec77732eb0b52f7b72c80fad25dabdb,52,0x4b2ed76c89f44ec92351aac954d0f4428bd548d1efa2030565e149d058855f98,31,0x8c8d1170edec715723d0884775e78d9b3c35e32e,0x6090a6e47849629b7245dfa1ca21d94cd15878ef,0,100000,20000000000,0,,0xede8acdb0ca6fadf4cde99a024bf911ba32e20a3515986d4f8d68cf58b12947f47480864,,2471450,59865,12221514,0xede8acdb,startAuction(bytes32 _hash),0,sent,0x8c8d1170edec715723d0884775e78d9b3c35e32e
68,3753403,1495528350,0xf15ecf47c0688b5ba2d0d76a4e1f23fe1450094b39483012bbfc410c2ccbd0c9,53,0x74d0d928cb8ae8552400244eb6e2c8c77a30fd535369e0b4ecca216b72069193,13,0x8c8d1170edec715723d0884775e78d9b3c35e32e,0x6090a6e47849629b7245dfa1ca21d94cd15878ef,10088000000000000,500000,20000000000,0,,0xce92dcedd5f5f5ede731f17964b14aca5fa77f49af119abcd2e3261e1ae1784a0909791c,,4202929,418436,12221507,0xce92dced,newBid(bytes32 sealedBid),0.010088,sent,0x8c8d1170edec715723d0884775e78d9b3c35e32e
69,3753419,1495528807,0x0d7eb6c3b5ed7ba1e0f7df27f63f8508c5a6e2e13040333a27e591782e184ba2,54,0x85448e6641336eea8aca15e731ea61e50e5faa162cf1aa4d9d98878e10297e8e,47,0x8c8d1170edec715723d0884775e78d9b3c35e32e,0x6090a6e47849629b7245dfa1ca21d94cd15878ef,1100880000000000000,500000,20000000000,0,,0xce92dcedd1b53726f868750cbe2c8c20cda9a488c737fa40c6c543af9952e08cda619f1f,,2500465,418436,12221491,0xce92dced,newBid(bytes32 sealedBid),1.10088,sent,0x8c8d1170edec715723d0884775e78d9b3c35e32e
70,3754118,1495539793,0xded9f41fcc2d02ce4d56feb6050a08c5a9c55bbc9672f51b6915370979907ee8,55,0x64dd10beb992605c7fad56d2d37a7f160bb66a4f6441f620970f98d4904a6e4f,41,0x8c8d1170edec715723d0884775e78d9b3c35e32e,0x6090a6e47849629b7245dfa1ca21d94cd15878ef,0,500000,20000000000,0,,0x983b94fb10d51c96d36e52b2b6fd3283696ff4cc339556441e653f212bf87ac059537b08,,1433484,99919,12220792,0x983b94fb,finalizeAuction(bytes32 _hash),0,sent,0x8c8d1170edec715723d0884775e78d9b3c35e32e
71,3754345,1495543067,0xa073e5ece598788db09c651c05b32e519d8ee00f9879d2c74adb6acbed586f3c,5727,0x25ee35a68ca1d09b6026371a699fc0f165ce35e8783a1642a3498972b4afc50f,44,0x9435d50503aee35c8757ae4933f7a0ab56597805,0x8c8d1170edec715723d0884775e78d9b3c35e32e,299156803000000000,90000,20000000000,0,,0x,,3411512,21000,12220565,0x,,0.299156803,received,0x8c8d1170edec715723d0884775e78d9b3c35e32e
72,3754806,1495550462,0x7badc5891b241e061eb6541241cab9ba4253b5d8c8e7c6e0a6c50499d6ddaae4,56,0x0edd0940e3495ea46dc180b42504324cf219ad69e083d37fe51a45351d86e94f,12,0x8c8d1170edec715723d0884775e78d9b3c35e32e,0x6090a6e47849629b7245dfa1ca21d94cd15878ef,0,500000,20000000000,0,,0x47872b422b805dcad267e7e914b5d1864db73d22a88e47578326f2cba71339c00c0191a3000000000000000000000000000000000000000000000000002386f26fc10000a95799a717d545d3d7a001bf94908e275182e72caf7df6bbff337f991aabbf31,,971841,87815,12220104,0x47872b42,"unsealBid(bytes32 _hash, uint256 _value, bytes32 _salt)",0,sent,0x8c8d1170edec715723d0884775e78d9b3c35e32e
73,3754811,1495550505,0x17a8cd97ba1068922c9f00d1eac74fe65055952a98c2a29214d1acb1fc89e275,57,0x49504c536216c1d601458ca70d6cbae3d841e550c05d1ac95c5b1282fad93a09,9,0x8c8d1170edec715723d0884775e78d9b3c35e32e,0x6090a6e47849629b7245dfa1ca21d94cd15878ef,0,500000,20000000000,0,,0x47872b4203a7c8b36e88788067fe32a459e83695093da7338a7b46492b168260069711cc000000000000000000000000000000000000000000000000018abdf4d0fe6000a95799a717d545d3d7a001bf94908e275182e72caf7df6bbff337f991aabbf31,,1234626,87943,12220099,0x47872b42,"unsealBid(bytes32 _hash, uint256 _value, bytes32 _salt)",0,sent,0x8c8d1170edec715723d0884775e78d9b3c35e32e
74,3757015,1495585320,0xa4a5709613b5fba9e38b7c2d2a19fb8764414d39d03229929995ff9be81b575c,5761,0x38b581ace04b8b37b28357a04c0ac231a930c46168f353a7dc7903b05a8618fe,43,0x9435d50503aee35c8757ae4933f7a0ab56597805,0x8c8d1170edec715723d0884775e78d9b3c35e32e,310967240000000000,90000,20000000000,0,,0x,,2853769,21000,12217895,0x,,0.31096724,received,0x8c8d1170edec715723d0884775e78d9b3c35e32e
75,3758483,1495608805,0xc9cc2315ba69ad56e2b9594ef1207e23fb2ae4632641e21b735f20d71080a2c9,58,0xa91145e83c80db8ffec56da4da5d4cb314982657c69ae3a478e6046a88a37596,37,0x8c8d1170edec715723d0884775e78d9b3c35e32e,0x6090a6e47849629b7245dfa1ca21d94cd15878ef,0,500000,20000000000,0,,0x983b94fb4370acaa09479e7e4a1ad50add43f0cbb048d68e0f0991143628da30c5b39b46,,2328255,93219,12216427,0x983b94fb,finalizeAuction(bytes32 _hash),0,sent,0x8c8d1170edec715723d0884775e78d9b3c35e32e
76,3759022,1495617347,0x740c8961773c182a05d840407c8d340d37d753cc332920c8755f74d098656236,59,0x1f2b40f3c052e29249a14c8bf1bbbfbe6af5c34f33b183fe4509c3310a180c74,36,0x8c8d1170edec715723d0884775e78d9b3c35e32e,0x6090a6e47849629b7245dfa1ca21d94cd15878ef,0,500000,20000000000,0,,0x47872b4205eabcf8e69f038cdd0f857477f7d99f93a996ef36f64948f3d5636007af79a4000000000000000000000000000000000000000000000000002386f26fc10000a95799a717d545d3d7a001bf94908e275182e72caf7df6bbff337f991aabbf31,,3815064,87815,12215888,0x47872b42,"unsealBid(bytes32 _hash, uint256 _value, bytes32 _salt)",0,sent,0x8c8d1170edec715723d0884775e78d9b3c35e32e
77,3759031,1495617490,0x92d3b01b613ecdc94cd2cfa40e8c51e72dc4cdaba594bab506ff60d4637a5980,60,0x0ee657121c488a8764a6548104041280fc20fdda332eb2c4a375a5b38073e045,44,0x8c8d1170edec715723d0884775e78d9b3c35e32e,0x6090a6e47849629b7245dfa1ca21d94cd15878ef,0,100000,20000000000,0,,0xede8acdb0ac8ae25fbe1453613d5eac38ded54ba4169bb569722bbb6006b92dee600ea34,,3872833,59737,12215879,0xede8acdb,startAuction(bytes32 _hash),0,sent,0x8c8d1170edec715723d0884775e78d9b3c35e32e
78,3759034,1495617567,0x53a3cd88743ba51408c5774aa4c28d999830a2f8abbe19b2a5cd1d8775fdbc07,61,0xc3f0ed18b4064a6cf04b97354a4d49422ed026f1d4815e7f8d3083260ca68dcb,45,0x8c8d1170edec715723d0884775e78d9b3c35e32e,0x6090a6e47849629b7245dfa1ca21d94cd15878ef,10000000000000000,500000,20000000000,0,,0xce92dcedbbb050e0f565774bfc3b90fee5949023821789e78dd8d7171507e5ca9dd7bfcb,,2800552,418436,12215876,0xce92dced,newBid(bytes32 sealedBid),0.01,sent,0x8c8d1170edec715723d0884775e78d9b3c35e32e
79,3759872,1495630683,0x3428149db55f93998341ac409f898d5d585eda80a232d275c4e4cb8982a65037,5864,0x59d8f149b849c93c24bbc0f77b27e340e4eb4bcf98d2f0e3bb71a5ae680d2937,8,0x9435d50503aee35c8757ae4933f7a0ab56597805,0x8c8d1170edec715723d0884775e78d9b3c35e32e,288274907000000000,90000,21000000000,0,,0x,,269631,21000,12215038,0x,,0.288274907,received,0x8c8d1170edec715723d0884775e78d9b3c35e32e
80,3759960,1495632123,0x37751e671e06832782415616da41d16fa7a760ac81b383475f3466950e6cc056,62,0x946a4fb7c85e3742c3608d3139811362cc243412ee68f51185f10a33b14ba586,31,0x8c8d1170edec715723d0884775e78d9b3c35e32e,0x6090a6e47849629b7245dfa1ca21d94cd15878ef,0,100000,20000000000,0,,0xede8acdb01b3d64c8c6530a3aad5909ae7e0985d4438ce8eafd90e51ce48fbc809bced39,,4083282,59865,12214950,0xede8acdb,startAuction(bytes32 _hash),0,sent,0x8c8d1170edec715723d0884775e78d9b3c35e32e
81,3759967,1495632219,0x0abe5909131eca17deb5696dee00ae8716911348c3de4ccfa8c9bdc94da47640,63,0x6f6d6957718f49c9c08d6abf4fef1a8bd3cc71c89528b972ee320787975c38c4,41,0x8c8d1170edec715723d0884775e78d9b3c35e32e,0x6090a6e47849629b7245dfa1ca21d94cd15878ef,12009000000000000,500000,20000000000,0,,0xce92dced2c5171c4fc976e46c75c8ac1830d186f77f877ac34c969310d9843449e1b3ee6,,2846973,418436,12214943,0xce92dced,newBid(bytes32 sealedBid),0.012009,sent,0x8c8d1170edec715723d0884775e78d9b3c35e32e
82,3762217,1495668286,0x53134bfc55a7e791d6c7ebfb1a712b5fee5ac3bb56f8cd58ac5305c737bc9633,64,0x4164a5231b87e289bc5050ff1a9f674b36f286b835db35c73d168b2a22305af7,37,0x8c8d1170edec715723d0884775e78d9b3c35e32e,0x6090a6e47849629b7245dfa1ca21d94cd15878ef,0,500000,20000000000,0,,0x983b94fb277e7d8bc09bccc796c9ed8d675c36c9bb62eec52f7b6019027d84dda9cacfa8,,1913190,93219,12212693,0x983b94fb,finalizeAuction(bytes32 _hash),0,sent,0x8c8d1170edec715723d0884775e78d9b3c35e32e
83,3762226,1495668433,0x54aaeec7c521df6c110a99debf1db68d40ef1a1f3db3dd3698b05d20942f3674,65,0x600d5c1365bdd2b532b80d12dc53e0fbe3cd2f30200ed4f3054fdd8bd04e6f87,22,0x8c8d1170edec715723d0884775e78d9b3c35e32e,0x6090a6e47849629b7245dfa1ca21d94cd15878ef,0,500000,20000000000,0,,0x47872b4200ef33424b5e835b4de4cfe2a1306e8d24dfe68dfab4b0df4200520835568148000000000000000000000000000000000000000000000000002386f26fc10000a95799a717d545d3d7a001bf94908e275182e72caf7df6bbff337f991aabbf31,,1476904,87687,12212684,0x47872b42,"unsealBid(bytes32 _hash, uint256 _value, bytes32 _salt)",0,sent,0x8c8d1170edec715723d0884775e78d9b3c35e32e
84,3762232,1495668497,0x0183334000bb55ce2d1c6f882c784bc9f6634239f996b075baa22af7468ac9f4,66,0x937998011c597064274d236e997b99d4b7a42cea90be4719ebef40e48a2e0cb4,70,0x8c8d1170edec715723d0884775e78d9b3c35e32e,0x6090a6e47849629b7245dfa1ca21d94cd15878ef,0,500000,20000000000,0,,0x47872b424f965f056a1afaa155b82939fb3b3db9825260756383539765ac069f12f195fa0000000000000000000000000000000000000000000000000ddd2935029d8000a95799a717d545d3d7a001bf94908e275182e72caf7df6bbff337f991aabbf31,,3164864,43638,12212678,0x47872b42,"unsealBid(bytes32 _hash, uint256 _value, bytes32 _salt)",0,sent,0x8c8d1170edec715723d0884775e78d9b3c35e32e
85,3762241,1495668599,0x9e8121454e966ae00294eadd36ca9f47e7320ecafbdcf51b2e046b044b2b67e3,67,0x3acf26820bcd2bbd7af211ea7d06087b38604f57f53663fef491b8b094ca254d,33,0x8c8d1170edec715723d0884775e78d9b3c35e32e,0x6090a6e47849629b7245dfa1ca21d94cd15878ef,0,500000,20000000000,0,,0x47872b4209f17a215396a77e39919eae486138cac22835609e2fb4fe973103567df0da95000000000000000000000000000000000000000000000000002386f26fc10000a95799a717d545d3d7a001bf94908e275182e72caf7df6bbff337f991aabbf31,,1551838,87815,12212669,0x47872b42,"unsealBid(bytes32 _hash, uint256 _value, bytes32 _salt)",0,sent,0x8c8d1170edec715723d0884775e78d9b3c35e32e
86,3762619,1495674702,0xde2e055145de81f80cf29f0110774a0df00670f6fef335427c6b135ad3d4771d,5934,0xa5402143e51c8379b306bd26b74fc8cd4bdc21d7a19605994b77d7f7c8a1f85d,21,0x9435d50503aee35c8757ae4933f7a0ab56597805,0x8c8d1170edec715723d0884775e78d9b3c35e32e,327569266000000000,90000,22157999998,0,,0x,,1574806,21000,12212291,0x,,0.327569266,received,0x8c8d1170edec715723d0884775e78d9b3c35e32e
87,3762835,1495678285,0xd83a2ae21033a37afc13c67233e3e94448ef7125a08b1e5d4188f8a5bb23812b,68,0xf96d04835a0987c9e0f96e807669d7c1ba0048280240f5fd45aca4d47da54099,20,0x8c8d1170edec715723d0884775e78d9b3c35e32e,0x960b236a07cf122663c4303350609a66a7b288c0,0,116954,22230337264,0,,0xa9059cbb00000000000000000000000056f5b904644608137de2689ce8e87168bbce9d290000000000000000000000000000000000000000000000000de0b6b3a7640000,,777756,106321,12212075,0xa9059cbb,"transfer(address _to, uint256 _value)",0,sent,0x8c8d1170edec715723d0884775e78d9b3c35e32e
88,3762850,1495678468,0x0b6e6eb27329d95045c838b52a958f856f1bde43c0ab19931fc60ba99e042aa3,69,0x91e77b979412af9f7c9e75efe582051b07d6d935c96f62cbe6a1270d8ba4f504,18,0x8c8d1170edec715723d0884775e78d9b3c35e32e,0x314159265dd8dbb310642f98f50c066173c1259b,0,100000,20000000000,0,,0x1896f70ad95c9580c41962491399850a8f3a4b84bfc7c91ab1c847f4ff046bea23478d4e0000000000000000000000001da022710df5002339274aadee8d58218e9d6ab5,,1780311,47111,12212060,0x1896f70a,"setResolver(bytes32 node, address resolver)",0,sent,0x8c8d1170edec715723d0884775e78d9b3c35e32e
89,3762857,1495678582,0xfc322bc3b16ccd86b9567b20f5e671dd4494978191a17574d4a1fbec939ee8d4,70,0xf091997811c70cebaee1f6fef46b3582f8a7ed20d575e460184a462e80ff321d,13,0x8c8d1170edec715723d0884775e78d9b3c35e32e,0x1da022710df5002339274aadee8d58218e9d6ab5,0,100000,21526683878,0,,0xd5fa2b00d95c9580c41962491399850a8f3a4b84bfc7c91ab1c847f4ff046bea23478d4e00000000000000000000000056f5b904644608137de2689ce8e87168bbce9d29,,1408030,49553,12212053,0xd5fa2b00,"setAddr(bytes32 node, address addr)",0,sent,0x8c8d1170edec715723d0884775e78d9b3c35e32e
90,3762920,1495679312,0x338c6ad6a41c7d41083f0d14b8c5c05b4c2f051578158c2338e7455448a7da4c,71,0x2eee648257bda22d6a5be602868fd8587b08dc21089d8024fbabdce33f5a05ae,16,0x8c8d1170edec715723d0884775e78d9b3c35e32e,0x56f5b904644608137de2689ce8e87168bbce9d29,140000000000000000,23101,20000000000,0,,0x,,765283,21000,12211990,0x,,0.14,sent,0x8c8d1170edec715723d0884775e78d9b3c35e32e
91,3763718,1495691859,0x24b6c7efcedc7131946f61e720b37d1ceb6c6e68e610fd49e99d24dfb8cc68d1,738945,0xfc3a3351acaf2adef265da20d0a8f7bc3e61472d0a0199143e895d473d463e19,74,0x61c808d82a3ac53231750dadc13c777b59310bd9,0x8c8d1170edec715723d0884775e78d9b3c35e32e,467310926799053272,90000,20000000000,0,,0x,,2123496,21000,12211192,0x,,0.467310926799053272,received,0x8c8d1170edec715723d0884775e78d9b3c35e32e
92,3764787,1495709130,0xdd14ba2349242951f3ca0748213ecf399abc61e9f3683a6829504211df276f7c,72,0x9d213965d59c562e7773c2a6f07c2ce3eba3da593503f221e084a450a92d1112,44,0x8c8d1170edec715723d0884775e78d9b3c35e32e,0x6090a6e47849629b7245dfa1ca21d94cd15878ef,0,500000,20000000000,0,,0x983b94fb2b805dcad267e7e914b5d1864db73d22a88e47578326f2cba71339c00c0191a3,,2933383,93219,12210123,0x983b94fb,finalizeAuction(bytes32 _hash),0,sent,0x8c8d1170edec715723d0884775e78d9b3c35e32e
93,3764792,1495709209,0x751ee18c61d5420bda199ab63c770a06a048bade9742f1a50f77852b7da52e9a,73,0x67a6a80bed31a38cc3783985c6e9103a605c01ff498982a4a52c76e8509e0d8e,23,0x8c8d1170edec715723d0884775e78d9b3c35e32e,0x6090a6e47849629b7245dfa1ca21d94cd15878ef,0,500000,20000000000,0,,0x47872b424a45a7101becf559044df2370875b15cd148035e9c293c74d2d8e3ea4851a3ff000000000000000000000000000000000000000000000000002386f26fc10000a95799a717d545d3d7a001bf94908e275182e72caf7df6bbff337f991aabbf31,,1273468,87815,12210118,0x47872b42,"unsealBid(bytes32 _hash, uint256 _value, bytes32 _salt)",0,sent,0x8c8d1170edec715723d0884775e78d9b3c35e32e
94,3765224,1495715759,0xb4be4ee25306145e4755f90d4cd4fa9398086798be9b966ebfe0bf4767c5b4ac,5979,0xa21703fb1e30afb4602475dc5ddac6279223f33e9aa05003f88822bf37901d98,14,0x9435d50503aee35c8757ae4933f7a0ab56597805,0x8c8d1170edec715723d0884775e78d9b3c35e32e,308250744000000000,90000,20000000000,0,,0x,,635661,21000,12209686,0x,,0.308250744,received,0x8c8d1170edec715723d0884775e78d9b3c35e32e
95,3765271,1495716233,0xc84fcef883e563cef63dd53d81cd81c5bd76f8efd9c0f50fdadf157e72899887,74,0xc4aad14186d5ebc495ebf159c4f8dcc8532423d2d8ce996d003ef6480e8659f5,9,0x8c8d1170edec715723d0884775e78d9b3c35e32e,0x6090a6e47849629b7245dfa1ca21d94cd15878ef,0,500000,20000000000,0,,0x983b94fb03a7c8b36e88788067fe32a459e83695093da7338a7b46492b168260069711cc,,349035,99919,12209639,0x983b94fb,finalizeAuction(bytes32 _hash),0,sent,0x8c8d1170edec715723d0884775e78d9b3c35e32e
96,3768003,1495759704,0xe75a3f0cabadf3c0b2e4e349b308edd866d32fbd3a1a9e77c36f24046b0617cc,6062,0xe75c789259f042250eb9099747648630cc42a5f30d6db6f1301009c538cde8ca,98,0x9435d50503aee35c8757ae4933f7a0ab56597805,0x8c8d1170edec715723d0884775e78d9b3c35e32e,296104961000000000,90000,20000000000,0,,0x,,3887187,21000,12206907,0x,,0.296104961,received,0x8c8d1170edec715723d0884775e78d9b3c35e32e
97,3768128,1495761837,0xf5c9661f67b0711d8ebc33dcddd21cafedc837048e050b8413cd4a06314ec31f,75,0x73cc31de4a05b57757496cca9bb46b7c1f7124dcd0fa02aeba02c73798e75ea1,68,0x8c8d1170edec715723d0884775e78d9b3c35e32e,0xedb47396a7109def7202335038c281c53b82ab34,3550000000000000000,23955,20105847925,0,,0x,,2195942,21000,12206782,0x,,3.55,sent,0x8c8d1170edec715723d0884775e78d9b3c35e32e
98,3769463,1495783416,0x560010f462c3e9f81b53db11933968f1f1da6b31365b6ebc82d87b37f7f6c406,745224,0xe33aa7953b4dd39619c5148ea3a07be7e6b05bef8b962e2ab098e5f5bbf446d3,3,0x61c808d82a3ac53231750dadc13c777b59310bd9,0x8c8d1170edec715723d0884775e78d9b3c35e32e,368534773661334991,90000,20000000000,0,,0x,,84000,21000,12205447,0x,,0.368534773661334991,received,0x8c8d1170edec715723d0884775e78d9b3c35e32e
99,3769479,1495783684,0x2ea87ebc79338eac9f0f69680ba2fc4c9a47ab50a55b7b73d4b5a7c0811b7195,76,0x0b9844e0457661eab995e60b526ef207e58f2d81ae5959323b168c789ea16bd5,38,0x8c8d1170edec715723d0884775e78d9b3c35e32e,0x6090a6e47849629b7245dfa1ca21d94cd15878ef,0,500000,20000000000,0,,0x47872b420821335562999e43f95f2fa7116c5d81d572bd0bd6c14c064a72daea468647b500000000000000000000000000000000000000000000000000238e3914e98000a95799a717d545d3d7a001bf94908e275182e72caf7df6bbff337f991aabbf31,,2428678,87879,12205431,0x47872b42,"unsealBid(bytes32 _hash, uint256 _value, bytes32 _salt)",0,sent,0x8c8d1170edec715723d0884775e78d9b3c35e32e
100,3769483,1495783734,0x4363bda80312048571c73ca8dc8c1c395781963a053b3a899c07d986b323a3af,77,0xc8be8014483a2fc29c58a94aa856563abbb58c7101f5d6d621535385354b6e02,23,0x8c8d1170edec715723d0884775e78d9b3c35e32e,0x6090a6e47849629b7245dfa1ca21d94cd15878ef,0,500000,20000000000,0,,0x47872b422907a9bcd0546ec55ddc920f22e0ed4e60d9aeb1ebe5c7accb0b17d4a4b25bbd0000000000000000000000000000000000000000000000000027147114878000a95799a717d545d3d7a001bf94908e275182e72caf7df6bbff337f991aabbf31,,765441,87879,12205427,0x47872b42,"unsealBid(bytes32 _hash, uint256 _value, bytes32 _salt)",0,sent,0x8c8d1170edec715723d0884775e78d9b3c35e32e
101,3769508,1495784142,0xbe61c70b0482d405ecb38f55717e9bebb2188c23f7c744c8d26332438dc28ed7,78,0xb733289802cabc78355f046919d73c8aa224bfc79742f8ff52ead1f4aa4709e3,41,0x8c8d1170edec715723d0884775e78d9b3c35e32e,0x6090a6e47849629b7245dfa1ca21d94cd15878ef,0,500000,20000000000,0,,0x47872b425564e05e8bdc4c8c97ae6f898a47b4474162cbeb6c53d1eecdd5d4ddd7c68d500000000000000000000000000000000000000000000000000f43fc2c04ee0000a95799a717d545d3d7a001bf94908e275182e72caf7df6bbff337f991aabbf31,,2231049,43606,12205402,0x47872b42,"unsealBid(bytes32 _hash, uint256 _value, bytes32 _salt)",0,sent,0x8c8d1170edec715723d0884775e78d9b3c35e32e
102,3769512,1495784323,0x6e72e0764d8fb1c0988e45fb0745cc38d953dc5b300016faf180425c28c3feb1,79,0xdae94f251ab45630269db607b1a2839dd5cf078038eaec784daee742de64ca9a,50,0x8c8d1170edec715723d0884775e78d9b3c35e32e,0x6090a6e47849629b7245dfa1ca21d94cd15878ef,0,500000,20000000000,0,,0x47872b4239bb9c232c7a18ee01a9749f682c1b12ed6d06ab16aaefa7bc6855a7403eea1c000000000000000000000000000000000000000000000000002386f26fc10000a95799a717d545d3d7a001bf94908e275182e72caf7df6bbff337f991aabbf31,,2165882,81116,12205398,0x47872b42,"unsealBid(bytes32 _hash, uint256 _value, bytes32 _salt)",0,sent,0x8c8d1170edec715723d0884775e78d9b3c35e32e
103,3769672,1495786528,0x414d20e30b1f5cff8d374281aad18656a0527bab1fb486fb004138f8c8a0e2f3,80,0x488866025ec5170b939ea72f2a990f41a83c81c40d0d0ca505a6a25041428d3e,5,0x8c8d1170edec715723d0884775e78d9b3c35e32e,0x6090a6e47849629b7245dfa1ca21d94cd15878ef,0,500000,20000000000,0,,0x983b94fb05eabcf8e69f038cdd0f857477f7d99f93a996ef36f64948f3d5636007af79a4,,684066,93219,12205238,0x983b94fb,finalizeAuction(bytes32 _hash),0,sent,0x8c8d1170edec715723d0884775e78d9b3c35e32e
104,3769709,1495787160,0x7652c1644518406944d342d8bbb52e6d92a34f0edfb969e49e43a69dbd6a061d,81,0xa90c324af772f21385770cc5c50b37e6f94bef9b4e0665e5205f7103e359560c,29,0x8c8d1170edec715723d0884775e78d9b3c35e32e,0x6090a6e47849629b7245dfa1ca21d94cd15878ef,0,500000,20000000000,0,,0x47872b4209906a6155f16ccb3cdb24a51676442e19b0a374e0031732c4b83ddcc5a9d7d5000000000000000000000000000000000000000000000000002386f26fc1000087c2d362de99f75a4f2755cdaaad2d11bf6cc65dc71356593c445535ff28f43d,,1383806,81116,12205201,0x47872b42,"unsealBid(bytes32 _hash, uint256 _value, bytes32 _salt)",0,sent,0x8c8d1170edec715723d0884775e78d9b3c35e32e
105,3769745,1495787699,0xb1ee2608514a56aa43463adfee99a21565485f816ebe56272b01c1fb0b5336f1,82,0x1a0dfa018e58956b4bc29b0a712e8bad1b0d7a84f434f799e7935408e9607c61,7,0x8c8d1170edec715723d0884775e78d9b3c35e32e,0x6090a6e47849629b7245dfa1ca21d94cd15878ef,0,100000,20000000000,0,,0xede8acdb5611b862598a6119e3b0b4c20985d7b396a8652085e11f91bd19e4c27dc2cba9,,329047,59865,12205165,0xede8acdb,startAuction(bytes32 _hash),0,sent,0x8c8d1170edec715723d0884775e78d9b3c35e32e
106,3769748,1495787750,0xf165636c20aba036d9bc07e8966f6c1375b8d0a583b247d2f9e76f00a068e649,83,0x0e12fb77c0c4fb0bc9a442a467926f2b5c1c27d7732e8579801e446e0349b3d7,17,0x8c8d1170edec715723d0884775e78d9b3c35e32e,0x6090a6e47849629b7245dfa1ca21d94cd15878ef,200000000000000000,500000,20000000000,0,,0xce92dced120db6e457fbd76e34327a8c2f34d19d9084a78e9d0d81f1cd2c7368c3b5bb5b,,1070316,418436,12205162,0xce92dced,newBid(bytes32 sealedBid),0.2,sent,0x8c8d1170edec715723d0884775e78d9b3c35e32e
107,3769774,1495788127,0x2437a764fde421199be08e133fd6ebc6d639c59f4dbaa5462107ba4ff940623c,84,0xf3fd9a89c1c9d33c42fab5e84971483290c6db522852b084adef93a188c3b75e,10,0x8c8d1170edec715723d0884775e78d9b3c35e32e,0x6090a6e47849629b7245dfa1ca21d94cd15878ef,1180000000000000000,500000,20000000000,0,,0xce92dcedf21ac4b9575a15148bb21d76f721a1c4a483255ecdb945d3d3b846fa409060f4,,1438122,418436,12205136,0xce92dced,newBid(bytes32 sealedBid),1.18,sent,0x8c8d1170edec715723d0884775e78d9b3c35e32e
108,3769822,1495788805,0x861318840923aa99918550a8959fa9920612f4f1b7612d63780167fbb909f5b1,85,0xa4ea5bc5100435c01cf41624c43124dbcb2215d65f36d59bf9bd57fc59b91632,38,0x8c8d1170edec715723d0884775e78d9b3c35e32e,0x6090a6e47849629b7245dfa1ca21d94cd15878ef,0,500000,20000000000,0,,0x47872b420ca6fadf4cde99a024bf911ba32e20a3515986d4f8d68cf58b12947f47480864000000000000000000000000000000000000000000000000002386f26fc10000a95799a717d545d3d7a001bf94908e275182e72caf7df6bbff337f991aabbf31,,1607448,87815,12205088,0x47872b42,"unsealBid(bytes32 _hash, uint256 _value, bytes32 _salt)",0,sent,0x8c8d1170edec715723d0884775e78d9b3c35e32e
109,3772875,1495836669,0xef978bb0aa5b4472675757128d4f9d27a67283c43ff4a6e9bacc846498f023f9,86,0xb561f74662cf4c2c7296d182a1b7c8baf5330b1ba1eb16d71867fed53d806bcb,26,0x8c8d1170edec715723d0884775e78d9b3c35e32e,0x6090a6e47849629b7245dfa1ca21d94cd15878ef,0,500000,20000000000,0,,0x983b94fb00ef33424b5e835b4de4cfe2a1306e8d24dfe68dfab4b0df4200520835568148,,847617,93091,12202035,0x983b94fb,finalizeAuction(bytes32 _hash),0,sent,0x8c8d1170edec715723d0884775e78d9b3c35e32e
110,3774031,1495854132,0xaf82a3858faa77f88dc230323afad406548f7cd976229f1a4c6189629a4d327a,87,0xc7dc768109b655b4ce9a7f82325a81878265e45a2eeaced209feee4f7b9a6835,6,0x8c8d1170edec715723d0884775e78d9b3c35e32e,0x6090a6e47849629b7245dfa1ca21d94cd15878ef,0,500000,20000000000,0,,0x983b94fb09f17a215396a77e39919eae486138cac22835609e2fb4fe973103567df0da95,,731668,93219,12200879,0x983b94fb,finalizeAuction(bytes32 _hash),0,sent,0x8c8d1170edec715723d0884775e78d9b3c35e32e
111,3774897,1495868724,0x7196664f69497eacad0a93ffc2f9b2e3e51915e4254be430dc53859e6d311001,749594,0x1854ecb3cd03a8077785eca6c29e61824db8af92f7e0da8d4fe909e102ffed86,71,0x61c808d82a3ac53231750dadc13c777b59310bd9,0x8c8d1170edec715723d0884775e78d9b3c35e32e,922224234708004997,90000,20000000000,0,,0x,,2783946,21000,12200013,0x,,0.922224234708004997,received,0x8c8d1170edec715723d0884775e78d9b3c35e32e
112,3775464,1495877555,0xfb8221a31efff28b859eca288381fa6a8630c455c7083666ad610b9133dd075a,88,0x535dbf0c073dfb89069a666218d7bded8ae9769808773a747388543606bb6b6b,22,0x8c8d1170edec715723d0884775e78d9b3c35e32e,0x6090a6e47849629b7245dfa1ca21d94cd15878ef,0,500000,20000000000,0,,0x47872b420ac8ae25fbe1453613d5eac38ded54ba4169bb569722bbb6006b92dee600ea34000000000000000000000000000000000000000000000000002386f26fc10000a95799a717d545d3d7a001bf94908e275182e72caf7df6bbff337f991aabbf31,,1150032,80988,12199446,0x47872b42,"unsealBid(bytes32 _hash, uint256 _value, bytes32 _salt)",0,sent,0x8c8d1170edec715723d0884775e78d9b3c35e32e
113,3775607,1495879920,0x0c307af01f7ce5bbf3ec8a489896a3473fed290007998582550abbc4ce3d1f6a,89,0x150c3dcc82b91ba566dba63e0443aaa48b2a171ad8e2d94c7bc648a90d5eb8db,92,0x8c8d1170edec715723d0884775e78d9b3c35e32e,0x6090a6e47849629b7245dfa1ca21d94cd15878ef,0,500000,20000000000,0,,0x983b94fb4a45a7101becf559044df2370875b15cd148035e9c293c74d2d8e3ea4851a3ff,,3490294,93219,12199303,0x983b94fb,finalizeAuction(bytes32 _hash),0,sent,0x8c8d1170edec715723d0884775e78d9b3c35e32e
114,3776241,1495889563,0x7830114358ae29756c737b3d301023e3fab4ff15241f58654d5704f60bbbf3e2,90,0x1179837453932067840d2b0b6de08866b530bf509961634d3da6c511a67254ce,29,0x8c8d1170edec715723d0884775e78d9b3c35e32e,0x6090a6e47849629b7245dfa1ca21d94cd15878ef,0,500000,20000000000,0,,0x47872b425ba9f6f4f6531da23e0791eebd23278958c6f74b1da9d1860590950dbfa0401b0000000000000000000000000000000000000000000000000f43fc2c04ee0000a95799a717d545d3d7a001bf94908e275182e72caf7df6bbff337f991aabbf31,,773858,43606,12198669,0x47872b42,"unsealBid(bytes32 _hash, uint256 _value, bytes32 _salt)",0,sent,0x8c8d1170edec715723d0884775e78d9b3c35e32e
115,3776469,1495893467,0x3b53335078f72bf761e16d2cb10b90589980729edf564e5391ecd960e3a3d792,91,0x0e645a051f513d9d8ef73bb49652816d4ce9d731244ae812a7e592441f51974a,28,0x8c8d1170edec715723d0884775e78d9b3c35e32e,0x6090a6e47849629b7245dfa1ca21d94cd15878ef,0,500000,20000000000,0,,0x47872b4201b3d64c8c6530a3aad5909ae7e0985d4438ce8eafd90e51ce48fbc809bced39000000000000000000000000000000000000000000000000002aa1efb94e0000a95799a717d545d3d7a001bf94908e275182e72caf7df6bbff337f991aabbf31,,1639937,87815,12198441,0x47872b42,"unsealBid(bytes32 _hash, uint256 _value, bytes32 _salt)",0,sent,0x8c8d1170edec715723d0884775e78d9b3c35e32e
116,3778910,1495931950,0x4a6339589b699750ff263daa8228b49ab37cd86cfd550e3b11d3ac0fc6edacd3,92,0x372b8455a0b20e01f9e00540d398272b7311f9622e60cceba4cfb3f94438d180,17,0x8c8d1170edec715723d0884775e78d9b3c35e32e,0x6090a6e47849629b7245dfa1ca21d94cd15878ef,0,100000,20000000000,0,,0xede8acdb5d787cb40bb200fdbac833422c8e8bf5d2f4a5a12768a688154c3c8b610e0034,,667256,59737,12196000,0xede8acdb,startAuction(bytes32 _hash),0,sent,0x8c8d1170edec715723d0884775e78d9b3c35e32e
117,3778915,1495932055,0x6dd66a7e36a798c3b1de079fc1b93d55b72b23c6b00f3465dfe25e979a67f065,93,0xc4ce27e3294e3508bc02e96fe68dca738c008ab59e148610bfd0d16d635b438a,37,0x8c8d1170edec715723d0884775e78d9b3c35e32e,0x6090a6e47849629b7245dfa1ca21d94cd15878ef,500000000000000000,500000,20000000000,0,,0xce92dcedbdc51dc9f071ca21d43e5a2101a2e4e8ba1ccd9ea86dd385a0cfc62c7aa4be78,,1496748,418436,12195995,0xce92dced,newBid(bytes32 sealedBid),0.5,sent,0x8c8d1170edec715723d0884775e78d9b3c35e32e
118,3778918,1495932108,0xc54d383812925e2070de777c2bada787fa124848f51782f6ee6ca6b8325437ce,94,0x8084d5069a46f9ebae8e200da1d5b05bf9341582d77cfc4fa4a4b4201a242af0,27,0x8c8d1170edec715723d0884775e78d9b3c35e32e,0x6090a6e47849629b7245dfa1ca21d94cd15878ef,0,100000,20000000000,0,,0xede8acdb68695e66ca9763e9c892908b42845068c028cb67e8b1240378f048d810e1a4fd,,1304669,59865,12195992,0xede8acdb,startAuction(bytes32 _hash),0,sent,0x8c8d1170edec715723d0884775e78d9b3c35e32e
119,3778926,1495932305,0x653e80d74f64460132d791fb2d8534647f34a221a615444552c5ef0efd093320,95,0x7ec94e0fddc4e56804b594b58878e8444285d971b5bc29ef686433040e2083c9,17,0x8c8d1170edec715723d0884775e78d9b3c35e32e,0x6090a6e47849629b7245dfa1ca21d94cd15878ef,80000000000000000,500000,20000000000,0,,0xce92dcedc71b2c7e3d28ddf1917914485c1cce95fbdde96e8f762f6cada5f9e1e1c1ac53,,1092547,418436,12195984,0xce92dced,newBid(bytes32 sealedBid),0.08,sent,0x8c8d1170edec715723d0884775e78d9b3c35e32e
120,3779754,1495945737,0x69e8bea96745cd687dcd6a2461ebc5ef57e6d35dd4f6add68418d562bfd660c3,96,0x39ef1710d0cb7a34877a51b0f6939bf96e4acab6b68689e38ce25a616984f6c0,5,0x8c8d1170edec715723d0884775e78d9b3c35e32e,0x6090a6e47849629b7245dfa1ca21d94cd15878ef,0,500000,20000000000,0,,0x983b94fb0821335562999e43f95f2fa7116c5d81d572bd0bd6c14c064a72daea468647b5,,249783,99919,12195156,0x983b94fb,finalizeAuction(bytes32 _hash),0,sent,0x8c8d1170edec715723d0884775e78d9b3c35e32e
121,3780154,1495952102,0x59f8e3e3680f9f223306320ddb174654c7f73bc26fa6b69db8e55512d89dd3fb,755606,0x71c6feb95b67c8dfecaf7f41c791855b9f70dcc1bfa01131c28ba9d2d4a23165,32,0x61c808d82a3ac53231750dadc13c777b59310bd9,0x8c8d1170edec715723d0884775e78d9b3c35e32e,964009578813687871,90000,20000000000,0,,0x,,796128,21000,12194756,0x,,0.964009578813687871,received,0x8c8d1170edec715723d0884775e78d9b3c35e32e
122,3780731,1495960920,0xefd53c662711919159a4ae6871ef1b8d7bbd1a4a6e5b62ce216ba1f64a44d1bb,97,0xe2354c335b80f451f05847737212adbb790e8bfe0873e85782a983b5024c31b8,47,0x8c8d1170edec715723d0884775e78d9b3c35e32e,0x6090a6e47849629b7245dfa1ca21d94cd15878ef,0,500000,20000000000,0,,0x983b94fb39bb9c232c7a18ee01a9749f682c1b12ed6d06ab16aaefa7bc6855a7403eea1c,,1891460,93219,12194179,0x983b94fb,finalizeAuction(bytes32 _hash),0,sent,0x8c8d1170edec715723d0884775e78d9b3c35e32e
123,3780742,1495961040,0xc33958ab202e7284bb0f86ffbc5e1010b1bf667c861ddf4499e260ec0a430614,98,0x553727621079e239ad848efe1eacfd76b1bae3aedcbaf7f9a6f4c38599614623,25,0x8c8d1170edec715723d0884775e78d9b3c35e32e,0x6090a6e47849629b7245dfa1ca21d94cd15878ef,0,500000,20000000000,0,,0x983b94fb0ca6fadf4cde99a024bf911ba32e20a3515986d4f8d68cf58b12947f47480864,,790176,93219,12194168,0x983b94fb,finalizeAuction(bytes32 _hash),0,sent,0x8c8d1170edec715723d0884775e78d9b3c35e32e
124,3780745,1495961163,0x785d0f6e58e8109e7c0dcd2de1beb4daf50588393a19a2724ae542940c1949ec,99,0xa7ae87a5db44083cac80e2d574508c53699bd95b258babce91ec6fb95b0497b3,80,0x8c8d1170edec715723d0884775e78d9b3c35e32e,0x6090a6e47849629b7245dfa1ca21d94cd15878ef,0,500000,20000000000,0,,0x983b94fb09906a6155f16ccb3cdb24a51676442e19b0a374e0031732c4b83ddcc5a9d7d5,,2880660,93219,12194165,0x983b94fb,finalizeAuction(bytes32 _hash),0,sent,0x8c8d1170edec715723d0884775e78d9b3c35e32e
125,3780760,1495961301,0x6a5aadf8e7c3b860e14f668c9d1fa608706e99d32cea1d945666aa68095869b2,100,0x628ec20cf0ee60e2dbfe258ee1a0ddd8e1ff71c7180a58ad2868cc62d5859137,13,0x8c8d1170edec715723d0884775e78d9b3c35e32e,0x314159265dd8dbb310642f98f50c066173c1259b,0,100000,20000000000,0,,0x1896f70ae4621fc258994abaa3f792a78b06a727fc14146aa7f9673dcf1abb8718caf66d0000000000000000000000001da022710df5002339274aadee8d58218e9d6ab5,,360820,47111,12194150,0x1896f70a,"setResolver(bytes32 node, address resolver)",0,sent,0x8c8d1170edec715723d0884775e78d9b3c35e32e
126,3780766,1495961469,0x029c9378393c25d9b9ba4d6d9977096379ac54cfb6795e3f0ea4bedd19b385e7,101,0x1a4386efcb34c75b0bd12fdece1394772aafe9096c72fd77e8cb3988dbe92bf8,8,0x8c8d1170edec715723d0884775e78d9b3c35e32e,0x1da022710df5002339274aadee8d58218e9d6ab5,0,100000,20835370888,0,,0xd5fa2b00e4621fc258994abaa3f792a78b06a727fc14146aa7f9673dcf1abb8718caf66d00000000000000000000000070ae1314b3b1724ae2717ffd0a08f002f94be7fc,,819504,49553,12194144,0xd5fa2b00,"setAddr(bytes32 node, address addr)",0,sent,0x8c8d1170edec715723d0884775e78d9b3c35e32e
127,3785202,1496031217,0xcb7ffcde14f4e78b656960b338673eefb7fca1c2c72ce5a8996f4644a540886a,761825,0x7c20a9dcc744659d616881a5490ae1211029567bf289a2729827433ebc0014bf,83,0x61c808d82a3ac53231750dadc13c777b59310bd9,0x8c8d1170edec715723d0884775e78d9b3c35e32e,986069425737297865,90000,20000000000,0,,0x,,3289940,21000,12189708,0x,,0.986069425737297865,received,0x8c8d1170edec715723d0884775e78d9b3c35e32e
128,3786262,1496048032,0xae8874288c6de36d0d7b2744f0ba86bee58a44869071eebfed51ca02e86abcf0,102,0xbf2b2c689d5ca14c2e28a9ea15a93e39038d07814ccc9b8091e570ce484d5036,15,0x8c8d1170edec715723d0884775e78d9b3c35e32e,0x6090a6e47849629b7245dfa1ca21d94cd15878ef,0,500000,20000000000,0,,0x47872b425611b862598a6119e3b0b4c20985d7b396a8652085e11f91bd19e4c27dc2cba900000000000000000000000000000000000000000000000002c68af0bb140000a95799a717d545d3d7a001bf94908e275182e72caf7df6bbff337f991aabbf31,,614070,81180,12188648,0x47872b42,"unsealBid(bytes32 _hash, uint256 _value, bytes32 _salt)",0,sent,0x8c8d1170edec715723d0884775e78d9b3c35e32e
129,3786274,1496048256,0x924a72f7b9ea5d0802c94e6129e02294507aff669bd5f609cba6846e472458c7,103,0xf713b343f91d833c2fd1525ba5eebc3b409c5b580a26e8e6bbc2395bb41eb245,29,0x8c8d1170edec715723d0884775e78d9b3c35e32e,0x6090a6e47849629b7245dfa1ca21d94cd15878ef,0,100000,20000000000,0,,0xede8acdb2cd45709b6f46f61e064072accacaab8c6541dba49f2555d8c5e50af88a5bd0e,,3286039,59865,12188636,0xede8acdb,startAuction(bytes32 _hash),0,sent,0x8c8d1170edec715723d0884775e78d9b3c35e32e
130,3786279,1496048330,0x13990a3836b21afd1ccd616ae45c0680c88eea82f80a841d57377a973b20d8a3,104,0x50ecc79d572df20313c6eaae536c521b549148af8291ddc859c2cef215395a8d,8,0x8c8d1170edec715723d0884775e78d9b3c35e32e,0x6090a6e47849629b7245dfa1ca21d94cd15878ef,10000000000000000,500000,20000000000,0,,0xce92dced053029576008ad5b745ac42ce8ba30e973c9b1bebc4a10e084af66e056c3f660,,625737,418436,12188631,0xce92dced,newBid(bytes32 sealedBid),0.01,sent,0x8c8d1170edec715723d0884775e78d9b3c35e32e
131,3787363,1496064387,0x8a1a1e9bc3aec26facdafc1968a8e2cc56ba753451fdeed610be88ef14c0ca7d,105,0x9e53e5af275f47a8c9a1f5687ca8c480b955d6ac065f65740b23b8436685b1ed,12,0x8c8d1170edec715723d0884775e78d9b3c35e32e,0x6090a6e47849629b7245dfa1ca21d94cd15878ef,0,500000,20000000000,0,,0x983b94fb0ac8ae25fbe1453613d5eac38ded54ba4169bb569722bbb6006b92dee600ea34,,429639,93091,12187547,0x983b94fb,finalizeAuction(bytes32 _hash),0,sent,0x8c8d1170edec715723d0884775e78d9b3c35e32e
132,3789773,1496102239,0xe5fa6b12118cc18d7fd64e9ad4493e326f48f7af42b7ca7ead50a24fa9c4ba84,106,0xc028f372e69857d2bd942ca8bc93aa84dfe57d670d1a7239027531b7e85209ee,45,0x8c8d1170edec715723d0884775e78d9b3c35e32e,0x6090a6e47849629b7245dfa1ca21d94cd15878ef,0,100000,20000000000,0,,0xede8acdb707324ed2046f98c6be2846bc6a6d21fdd7c42bd7d11428fb67e2f9a57220eb9,,2243953,59865,12185137,0xede8acdb,startAuction(bytes32 _hash),0,sent,0x8c8d1170edec715723d0884775e78d9b3c35e32e
133,3790492,1496113407,0xec762945152d9a0a8cd8d541299814090ace3d8ec963c27d3470dc60eb0d9552,107,0x528980fca5d7bb184b07fd36d1779b9bf7b4b9c4f8eed9cd6fb2828b6a9feb81,60,0x8c8d1170edec715723d0884775e78d9b3c35e32e,0x6090a6e47849629b7245dfa1ca21d94cd15878ef,0,100000,20000000000,0,,0xede8acdb355af26ddd1f24ab4195bd424c6c3870a0fa3f7f81801979af852295ab4424a7,,3880513,59865,12184418,0xede8acdb,startAuction(bytes32 _hash),0,sent,0x8c8d1170edec715723d0884775e78d9b3c35e32e
134,3790500,1496113552,0xb8837e7adba4ed12bf074d71b227533baf087c20a71cae6ccc7496025000715e,108,0x995e98702dd954ab5b99faf3dcc9a3ca1bad9e82b7a8be336469cf0b10ebb1b5,65,0x8c8d1170edec715723d0884775e78d9b3c35e32e,0x6090a6e47849629b7245dfa1ca21d94cd15878ef,19000000000000000,500000,20000000000,0,,0xce92dced6cb744a8e4e540f08bfdd71aa0a5bb8bf5ba3c9bbb5dd05722e766983b9652eb,,3444387,418436,12184410,0xce92dced,newBid(bytes32 sealedBid),0.019,sent,0x8c8d1170edec715723d0884775e78d9b3c35e32e
135,3790523,1496113826,0xe4275d69342ca8efa64dac6a4a175adc6a369563732a9208822cfd3364ff1148,109,0x9282542f049b74a7dece41cb07a69111627b96f4c85a1774bf2b94d8b868799c,25,0x8c8d1170edec715723d0884775e78d9b3c35e32e,0x6090a6e47849629b7245dfa1ca21d94cd15878ef,0,100000,20000000000,0,,0xede8acdb14860aab9a2a6f78fbf924b756d95747206d367a3904da05e4d377eeca551b9f,,1146486,59865,12184387,0xede8acdb,startAuction(bytes32 _hash),0,sent,0x8c8d1170edec715723d0884775e78d9b3c35e32e
136,3790536,1496114005,0x97356a5ccecf529d38e87458b8e093f94f249e01809e62a11fb0dc8930414173,110,0xb57991c89aafa2fed885b3547504efa5e6efea36cfb2a26d417f9ccc6342d3c3,21,0x8c8d1170edec715723d0884775e78d9b3c35e32e,0x6090a6e47849629b7245dfa1ca21d94cd15878ef,90000000000000000,500000,20000000000,0,,0xce92dcedf6d00d4fbc3fbc215d766d8584c2ff8cc144b0f50c9bdca58b7f67ed496d4b32,,1497545,418436,12184374,0xce92dced,newBid(bytes32 sealedBid),0.09,sent,0x8c8d1170edec715723d0884775e78d9b3c35e32e
137,3790793,1496117895,0x00ef09446a8d4d0b6b8d3f3f01e10cc6183c924dbe29e84a022b349280b8eb5e,768250,0x8d24ef8b542ea9bed01ba1351c4bd073189c0b294571ac50ded7459a69d26fff,38,0x61c808d82a3ac53231750dadc13c777b59310bd9,0x8c8d1170edec715723d0884775e78d9b3c35e32e,938028040081545098,90000,20000000000,0,,0x,,1081140,21000,12184117,0x,,0.938028040081545098,received,0x8c8d1170edec715723d0884775e78d9b3c35e32e
138,3795730,1496194920,0xb75e805a5aa6948a45253c03dfd3e802ce8a4f292e25aeb7aff7139c3e41a046,111,0xac9c32c16aed95f8c4ad5ca1d007b52fd43a5a44946d1854ec584d8b634fd815,6,0x8c8d1170edec715723d0884775e78d9b3c35e32e,0x6090a6e47849629b7245dfa1ca21d94cd15878ef,0,500000,20000000000,0,,0x47872b425d787cb40bb200fdbac833422c8e8bf5d2f4a5a12768a688154c3c8b610e003400000000000000000000000000000000000000000000000006f05b59d3b20000a95799a717d545d3d7a001bf94908e275182e72caf7df6bbff337f991aabbf31,,237836,81052,12179180,0x47872b42,"unsealBid(bytes32 _hash, uint256 _value, bytes32 _salt)",0,sent,0x8c8d1170edec715723d0884775e78d9b3c35e32e
139,3795742,1496195170,0xce3b7e525d033909c01175dec90703bb4d29899994d4ee9be4bb6f867411f02f,112,0xba0ffab081606ca7562f5663788ca3391e3e45307b798db8fc2531b8b47c4f4d,61,0x8c8d1170edec715723d0884775e78d9b3c35e32e,0x6090a6e47849629b7245dfa1ca21d94cd15878ef,0,500000,20000000000,0,,0x47872b4268695e66ca9763e9c892908b42845068c028cb67e8b1240378f048d810e1a4fd000000000000000000000000000000000000000000000000011c37937e080000a95799a717d545d3d7a001bf94908e275182e72caf7df6bbff337f991aabbf31,,3609512,81180,12179168,0x47872b42,"unsealBid(bytes32 _hash, uint256 _value, bytes32 _salt)",0,sent,0x8c8d1170edec715723d0884775e78d9b3c35e32e
140,3797425,1496221797,0x0cee9a1a849459a54e9981860e14b638bf6ea239d18b32e7dd9353cce06588a7,113,0xb29c768f221b517f8c0b208a9050c0d3ce6e8e2f08798a2f3e22556fe1751eeb,0,0x8c8d1170edec715723d0884775e78d9b3c35e32e,0x6090a6e47849629b7245dfa1ca21d94cd15878ef,0,500000,20000000000,0,,0x983b94fb5611b862598a6119e3b0b4c20985d7b396a8652085e11f91bd19e4c27dc2cba9,,84918,84918,12177485,0x983b94fb,finalizeAuction(bytes32 _hash),0,sent,0x8c8d1170edec715723d0884775e78d9b3c35e32e
141,3797464,1496222370,0x3bbbb2a7bc1e8bddc715c8622ecf922868ce943ef20a5c360b7135b190998833,774757,0x7a87908a16b926df98fe37beb2c6febb1aad9ab36b38247d70569fd9e168899b,89,0x61c808d82a3ac53231750dadc13c777b59310bd9,0x8c8d1170edec715723d0884775e78d9b3c35e32e,901478489688611643,90000,26194878274,0,,0x,,3618284,21000,12177446,0x,,0.901478489688611643,received,0x8c8d1170edec715723d0884775e78d9b3c35e32e
142,3798779,1496242811,0x6e2263e7cc10fbc04da9c66f59fa2f65a4886c175890da7449d0315db2978f70,114,0x237d765d4cd710c239db1be0919ffbbfe3f026dc1ff029fa9841d2f992c8c2ca,23,0x8c8d1170edec715723d0884775e78d9b3c35e32e,0x0d8775f648430679a709e98d2b0cb6250d2887ef,5100000000000000000,88488,40000000000,1,,0xb4427263,,985183,88488,12176131,0xb4427263,createTokens(),5.1,sent,0x8c8d1170edec715723d0884775e78d9b3c35e32e
143,3798854,1496244028,0x850d7812abf308ef2239b6bc75b75e1b526d373e0cc51342ace249583fd1bfe8,115,0xabcf330e020bf05b988f2a5c63236234e92be5e809312baa272eace0e75c3d2b,72,0x8c8d1170edec715723d0884775e78d9b3c35e32e,0xe081cb4b1f916043491955e5197fa01788aa7d20,5290000000000000000,25201,48875000000,0,,0x,,4289304,21000,12176056,0x,,5.29,sent,0x8c8d1170edec715723d0884775e78d9b3c35e32e
144,3802471,1496302690,0xafcc0233bedd00e025ef57ff2fc0d6d05a1d0b198587bb115e4854ea705fa37a,781480,0x3934ce1ca8bb4bdcee75931f6f66e26aeb9c43d3f954e3e7ac313c63997d7df7,91,0x61c808d82a3ac53231750dadc13c777b59310bd9,0x8c8d1170edec715723d0884775e78d9b3c35e32e,880266334237129150,90000,25144645860,0,,0x,,2126009,21000,12172439,0x,,0.88026633423712915,received,0x8c8d1170edec715723d0884775e78d9b3c35e32e
145,3802930,1496310696,0x23740374d806f15031c72d173c0d838e1c4697bdf43cd289aa3e60c0003ef339,116,0x9ff9d0f6fa153e243835741b996cd05088487ae6f9de87f11cdb3d13c132ebaf,76,0x8c8d1170edec715723d0884775e78d9b3c35e32e,0x6090a6e47849629b7245dfa1ca21d94cd15878ef,0,500000,20000000000,0,,0x47872b422cd45709b6f46f61e064072accacaab8c6541dba49f2555d8c5e50af88a5bd0e000000000000000000000000000000000000000000000000002386f26fc10000a95799a717d545d3d7a001bf94908e275182e72caf7df6bbff337f991aabbf31,,2271252,81116,12171980,0x47872b42,"unsealBid(bytes32 _hash, uint256 _value, bytes32 _salt)",0,sent,0x8c8d1170edec715723d0884775e78d9b3c35e32e
146,3806264,1496365308,0x59abbf7acb896d1f11763e01c8aeeeabf0c94878cc6cb703e6a73a097fcd35db,117,0x208dfdb500bdb0c03adb3f765c05f360b47c646ed05636ff519905b1b6dc384a,14,0x8c8d1170edec715723d0884775e78d9b3c35e32e,0x6090a6e47849629b7245dfa1ca21d94cd15878ef,0,500000,20000000000,0,,0x983b94fb5d787cb40bb200fdbac833422c8e8bf5d2f4a5a12768a688154c3c8b610e0034,,1148994,99791,12168646,0x983b94fb,finalizeAuction(bytes32 _hash),0,sent,0x8c8d1170edec715723d0884775e78d9b3c35e32e
147,3806270,1496365425,0xa254f9c40ed2416017c81354ac97817c37c42a327535caecb1170308077f54ce,118,0x9317b1f6986a7360cf67c5804b7283404232634f175bd32d0afd5b4c6bce7102,29,0x8c8d1170edec715723d0884775e78d9b3c35e32e,0x6090a6e47849629b7245dfa1ca21d94cd15878ef,0,500000,20000000000,0,,0x983b94fb68695e66ca9763e9c892908b42845068c028cb67e8b1240378f048d810e1a4fd,,1755288,99919,12168640,0x983b94fb,finalizeAuction(bytes32 _hash),0,sent,0x8c8d1170edec715723d0884775e78d9b3c35e32e
148,3806870,1496376004,0x8a6c5c0261d197ab21ce252e9316421f4e648a1e919bb964c9f439a4dd18a8ef,119,0x2fb69af4227cc6fb158a1468f25c0c6dd7c588530bb4b42aecc36872c90dace9,27,0x8c8d1170edec715723d0884775e78d9b3c35e32e,0x6090a6e47849629b7245dfa1ca21d94cd15878ef,0,500000,20000000000,0,,0x47872b42355af26ddd1f24ab4195bd424c6c3870a0fa3f7f81801979af852295ab4424a7000000000000000000000000000000000000000000000000004380663abb8000a95799a717d545d3d7a001bf94908e275182e72caf7df6bbff337f991aabbf31,,855892,81180,12168040,0x47872b42,"unsealBid(bytes32 _hash, uint256 _value, bytes32 _salt)",0,sent,0x8c8d1170edec715723d0884775e78d9b3c35e32e
149,3806877,1496376047,0x8d2e9409c4ea240f366d45e9966fa95f197d3684ecf0077453d1427e4551737d,120,0xfefd8602401a63409d52ab7a69018e6c3601f82575f766dc704f6d177d33eb47,21,0x8c8d1170edec715723d0884775e78d9b3c35e32e,0x6090a6e47849629b7245dfa1ca21d94cd15878ef,0,500000,20000000000,0,,0x47872b4214860aab9a2a6f78fbf924b756d95747206d367a3904da05e4d377eeca551b9f000000000000000000000000000000000000000000000000013fbe85edc90000a95799a717d545d3d7a001bf94908e275182e72caf7df6bbff337f991aabbf31,,678420,81180,12168033,0x47872b42,"unsealBid(bytes32 _hash, uint256 _value, bytes32 _salt)",0,sent,0x8c8d1170edec715723d0884775e78d9b3c35e32e
150,3807327,1496382994,0xe880374405b45a5167544ebaedd42b1b1e59ce3880470e2b9da7d82eac64f909,788524,0x344d99f4bfef821137f2467a3934703a4dd68b22a1c7bb792a747dd59a604809,47,0x61c808d82a3ac53231750dadc13c777b59310bd9,0x8c8d1170edec715723d0884775e78d9b3c35e32e,822579701844007868,90000,20000000000,0,,0x,,1975526,21000,12167583,0x,,0.822579701844007868,received,0x8c8d1170edec715723d0884775e78d9b3c35e32e
151,3807531,1496386297,0x2e1cc49d391079d51598464f02db6027dae23ce293e8c2105db57a3a5e598b42,121,0xa29f24f1d03554c12df17d376c9a4019a3fa1882ee70f0d9c73f8c521433ac14,19,0x8c8d1170edec715723d0884775e78d9b3c35e32e,0xf276c3bd41a3fd6d26fa78e688d710896aa4070e,887721620000000000,25201,20000000000,0,,0x,,1252409,21000,12167379,0x,,0.88772162,sent,0x8c8d1170edec715723d0884775e78d9b3c35e32e
152,3808882,1496409378,0x27504dc48bbe086985f704ccab529bfff25f93e3029dc457863bfcac5bf1ef4e,122,0x3f71e74fd3fa61d9c8ad7d7358a05c3cc6d408200f5d11657009b28379395922,54,0x8c8d1170edec715723d0884775e78d9b3c35e32e,0xace62f87abe9f4ee9fd6e115d91548df24ca0943,300000000000000000,250000,20000000000,0,,0x99e9376c00000000000000000000000000000000111a462efca249a9b4743fc885a5bf6b,,3010850,169762,12166028,0x99e9376c,buyWithCustomerId(uint128 customerId),0.3,sent,0x8c8d1170edec715723d0884775e78d9b3c35e32e
153,3812335,1496467689,0xfafa4a0d7f9a5ea34b05d8f5e111f6a108ae79534d8ca7462b23147d8c5c3beb,795696,0xd3daf7e84d4428b31615278051083f955186c28f9e6b8b693cafcd8b0543825a,178,0x61c808d82a3ac53231750dadc13c777b59310bd9,0x8c8d1170edec715723d0884775e78d9b3c35e32e,801171931726958308,90000,21603168292,0,,0x,,4109939,21000,12162575,0x,,0.801171931726958308,received,0x8c8d1170edec715723d0884775e78d9b3c35e32e
154,3814190,1496498964,0xaf667284e80e03b15448bdcba432c48167fd0c4d05d2577a47c86aa19bb2faed,123,0xc28dc8abe68207f4b12cc918dab48de1c02d35a5143ada346190913059443227,14,0x8c8d1170edec715723d0884775e78d9b3c35e32e,0x6090a6e47849629b7245dfa1ca21d94cd15878ef,0,500000,20000000000,0,,0x983b94fb2cd45709b6f46f61e064072accacaab8c6541dba49f2555d8c5e50af88a5bd0e,,438076,93219,12160720,0x983b94fb,finalizeAuction(bytes32 _hash),0,sent,0x8c8d1170edec715723d0884775e78d9b3c35e32e
155,3817779,1496558461,0x1448652fd889f1ec5099f81d6e6a413cfb7d2a0bb1cd7d7e888fc5ffd612dbfc,803159,0x6946a02f3748583d355ae897b6c08666bb156f417217cb55f9daa462dc3e4e64,24,0x61c808d82a3ac53231750dadc13c777b59310bd9,0x8c8d1170edec715723d0884775e78d9b3c35e32e,791871129528277958,90000,22683402229,0,,0x,,721488,21000,12157131,0x,,0.791871129528277958,received,0x8c8d1170edec715723d0884775e78d9b3c35e32e
156,3818518,1496570278,0xd79c0893e65d36e991877ba8ca78fc621d941e561afb500c0765bd31f15f6284,124,0x5cb68b7d7cdf1fca15f1882086f746bf87e460010bcf154bbaf71835c23ef577,34,0x8c8d1170edec715723d0884775e78d9b3c35e32e,0x6090a6e47849629b7245dfa1ca21d94cd15878ef,0,500000,20000000000,0,,0x983b94fb14860aab9a2a6f78fbf924b756d95747206d367a3904da05e4d377eeca551b9f,,1720740,99919,12156392,0x983b94fb,finalizeAuction(bytes32 _hash),0,sent,0x8c8d1170edec715723d0884775e78d9b3c35e32e
157,3818861,1496575922,0x2d08a0dedac92f92a2b55954e16f76a234a0d7ee409d22c0844857d681837e87,125,0x908e79c89d5bf9c34616cf1edb7434d31331437295ccc5eb70112bfa6265d8f8,2,0x8c8d1170edec715723d0884775e78d9b3c35e32e,0x6090a6e47849629b7245dfa1ca21d94cd15878ef,0,500000,20000000000,0,,0x983b94fb355af26ddd1f24ab4195bd424c6c3870a0fa3f7f81801979af852295ab4424a7,,153094,99919,12156049,0x983b94fb,finalizeAuction(bytes32 _hash),0,sent,0x8c8d1170edec715723d0884775e78d9b3c35e32e
158,3821644,1496622942,0xd16e5f5442a29da5d674c668947aca8a26cc8312286469f7c0217822865a640e,126,0xe8f374f6170de9bdac4cf4af19c758d829dfa56f7baf883101ccc1556df58244,14,0x8c8d1170edec715723d0884775e78d9b3c35e32e,0x6090a6e47849629b7245dfa1ca21d94cd15878ef,0,100000,20000000000,0,,0xede8acdb81f1404cbee6a310f3aef45427ab18845bbea8683f93bd823d1ea617922018bb,,1007514,59865,12153266,0xede8acdb,startAuction(bytes32 _hash),0,sent,0x8c8d1170edec715723d0884775e78d9b3c35e32e
159,3821650,1496623028,0x9ca2e0575b47cbc6bec34edc8931fca86367c74df6d55dc8274194ee65e4a166,127,0x19bcb0779100c138f025ae4a7e8c52221a9f7b235da85f3c5aaa8acc80d1138d,55,0x8c8d1170edec715723d0884775e78d9b3c35e32e,0x6090a6e47849629b7245dfa1ca21d94cd15878ef,10000000000000000,500000,20000000000,0,,0xce92dced3223db70dc6d9499194b2dee321ccc5dcf051722913d77a1cf0854c14ab272a4,,3959969,418436,12153260,0xce92dced,newBid(bytes32 sealedBid),0.01,sent,0x8c8d1170edec715723d0884775e78d9b3c35e32e
160,3821657,1496623162,0x132810e80c564c4cf6ebd2afeae602f848b1d294afdc2c9d73f1bec8ebc19baf,128,0x36c32e88e1beaccf5b67a1099c7ca3c19e13c92ccd50e70a933a88ab4e395215,66,0x8c8d1170edec715723d0884775e78d9b3c35e32e,0x6090a6e47849629b7245dfa1ca21d94cd15878ef,0,100000,20000000000,0,,0xede8acdb79c8cfc4c5b7c27843da400fe3d18959ff920876696a378a8c99e90463673e4f,,3917015,59865,12153253,0xede8acdb,startAuction(bytes32 _hash),0,sent,0x8c8d1170edec715723d0884775e78d9b3c35e32e
161,3821662,1496623198,0x75a40081c3e0fdd2f51be1cc1ac7d8f959539a3253313d578fd1b5e58d048779,129,0xe4eaf117f5bb69a21a537ff8b68befeedb4a2269bfca5538b69ae4a82ab36909,22,0x8c8d1170edec715723d0884775e78d9b3c35e32e,0x6090a6e47849629b7245dfa1ca21d94cd15878ef,10000000000000000,500000,20000000000,0,,0xce92dced1af8ab3b2c40022f6c54fc081c6b455343c6c7500b8ee5cad9148dc904830dce,,1877771,418436,12153248,0xce92dced,newBid(bytes32 sealedBid),0.01,sent,0x8c8d1170edec715723d0884775e78d9b3c35e32e
162,3821668,1496623297,0xe716a21b48ac98873db97b1be3be4ad76206d29f6e681ccdce327f19a3d90446,130,0x5913939c4b4d0fcb12e7ca4ef45e1ceef4fe4b354c1ee23f35ff6147f1cadd99,14,0x8c8d1170edec715723d0884775e78d9b3c35e32e,0x6090a6e47849629b7245dfa1ca21d94cd15878ef,0,100000,20000000000,0,,0xede8acdb769f50aa935fa7b8afb04d4e5ee02e6dd1bc22d90daa67fd0a9f2c5e2d03d409,,1341148,59865,12153242,0xede8acdb,startAuction(bytes32 _hash),0,sent,0x8c8d1170edec715723d0884775e78d9b3c35e32e
163,3821680,1496623497,0xcc9ede9d8b960b50a2edb678a08106f9528f0158236e17e095cc55b6682fcf31,131,0x2b444b7b2c6359597def0c6bd790e732a28d84abc538eba847b4ea9cf03fb785,20,0x8c8d1170edec715723d0884775e78d9b3c35e32e,0x6090a6e47849629b7245dfa1ca21d94cd15878ef,10000000000000000,500000,20000000000,0,,0xce92dced51237612c3da052ca60fa9759c081d4eb3eb2ce3328b1b07c9e13145f51f47bc,,2991182,418436,12153230,0xce92dced,newBid(bytes32 sealedBid),0.01,sent,0x8c8d1170edec715723d0884775e78d9b3c35e32e
164,3821694,1496623685,0x2f15198e943b42586d19b8c06e172897f7e722659e17f6e0ee993b8a523cd8f7,132,0x87299fbc7dd41d61f06913c579baa5bbb3019b1fc5062f66ac6bd4fbe0bff9a3,15,0x8c8d1170edec715723d0884775e78d9b3c35e32e,0x6090a6e47849629b7245dfa1ca21d94cd15878ef,0,100000,20000000000,0,,0xede8acdb707324ed2046f98c6be2846bc6a6d21fdd7c42bd7d11428fb67e2f9a57220eb9,,1151047,44865,12153216,0xede8acdb,startAuction(bytes32 _hash),0,sent,0x8c8d1170edec715723d0884775e78d9b3c35e32e
165,3821698,1496623747,0xf9adde507957d57a0fdcea2b4ae680a80eee89904b2843bb9465cda14c29ab1b,133,0x4904aabb4ae169e014bb3593022594765a8efaa8ebee7a60a4247d9f656121ef,56,0x8c8d1170edec715723d0884775e78d9b3c35e32e,0x6090a6e47849629b7245dfa1ca21d94cd15878ef,10000000000000000,500000,20000000000,0,,0xce92dced9ee401130659d68823b909cf7a9ca7442dbfe9221e9817fc756e4bce3c4f1023,,3576865,418436,12153212,0xce92dced,newBid(bytes32 sealedBid),0.01,sent,0x8c8d1170edec715723d0884775e78d9b3c35e32e
166,3822428,1496636240,0x0441160f8aa12068417aff9f207eb80a3d05193af7c137bb8fb2d7c85dc679a7,134,0xaf1ba6bdf1d1ede63bb0ff5ee73ff2756667e40606fc0b89ca8c1613b3993b0b,7,0x8c8d1170edec715723d0884775e78d9b3c35e32e,0xedb47396a7109def7202335038c281c53b82ab34,1500000000000000000,60000,23635490557,0,,0x,,168000,21000,12152482,0x,,1.5,sent,0x8c8d1170edec715723d0884775e78d9b3c35e32e
167,3823080,1496646875,0x47d833008cf8bbafcf1d2bf749386f3ae4f28a8dae6fa48a1da1e6712f0b6f46,135,0xd2892647c684216ecfd11f10b1f11d36a84a3db59b6554556e79e76b34c02314,201,0x8c8d1170edec715723d0884775e78d9b3c35e32e,0xa450e8b775c6b42d5436829ea8b242dbaaeb6074,1000000000000000000,60000,20951376062,0,,0x,,4617162,21000,12151830,0x,,1,sent,0x8c8d1170edec715723d0884775e78d9b3c35e32e
168,3823088,1496646991,0xd28beba00aa0246f281ab5e5ff2cfa8d25ffe0c99fbf016737fb1f2bf846a41c,810773,0x387c620cd146946ae8992505470c6d6cb32a2d5a8a36882f8d1132d14b47a928,80,0x61c808d82a3ac53231750dadc13c777b59310bd9,0x8c8d1170edec715723d0884775e78d9b3c35e32e,779613581142793091,90000,20951376062,0,,0x,,1951081,21000,12151822,0x,,0.779613581142793091,received,0x8c8d1170edec715723d0884775e78d9b3c35e32e
169,3823390,1496652057,0x6a31312d62b9ec5855c207a4721ee97249767ea0dfc2751cc3c2183a08c0cd83,638,0x3b0989b8569bed85592dc30119d70882afd70e90c16bdf74f5e4825ab4c64f43,59,0xbac84302846b3501b803c8a239d30355a3a88633,0x8c8d1170edec715723d0884775e78d9b3c35e32e,997000000000000000,90000,20000000000,0,,0x,,2666710,21000,12151520,0x,,0.997,received,0x8c8d1170edec715723d0884775e78d9b3c35e32e
170,3828094,1496729623,0xa8d60541b86ec7c7e52c73202acb436498a183acb956d37bf48c8f45f56ab72f,818552,0xe65cc955e9167b10efa2ac26c74b9681cb01502cc0d13caee829d65dd7a224aa,59,0x61c808d82a3ac53231750dadc13c777b59310bd9,0x8c8d1170edec715723d0884775e78d9b3c35e32e,779330792271129917,90000,22620403192,0,,0x,,3325239,21000,12146816,0x,,0.779330792271129917,received,0x8c8d1170edec715723d0884775e78d9b3c35e32e
171,3832008,1496794559,0x416f7c4963a9df6450cfc85fad5d7aa30c0c86dcbbcfdff79eefab3de0c98404,136,0xc287f43259098d70f9abb93c09f944d02bdd833a6558cf0251124401c794dff5,43,0x8c8d1170edec715723d0884775e78d9b3c35e32e,0x6ed729fc1cd9cf5303c40e495747eb03b78c5fc2,266000000000000000,60000,15000000000,0,,0x,,1764304,21000,12142902,0x,,0.266,sent,0x8c8d1170edec715723d0884775e78d9b3c35e32e
172,3833298,1496816479,0xafb7d8e72a5b28c7e4362b25418f89784a546070536cb7fa0b3c61607db3b18b,826600,0x74b0793b85d7be3111e2b6ca9a9a3949afc8e23d760d8cba213e0228dcf0ab47,133,0x61c808d82a3ac53231750dadc13c777b59310bd9,0x8c8d1170edec715723d0884775e78d9b3c35e32e,759335966551558859,90000,22160799508,0,,0x,,3474677,21000,12141612,0x,,0.759335966551558859,received,0x8c8d1170edec715723d0884775e78d9b3c35e32e
173,3838030,1496893646,0x397d5fff37705faf3e14f5c4632b69fcffade88d282decc5ae1eac2969bd917c,137,0x53e916782f7473a6b44fa1a84b0e0e283c645e2149a38e5ddaac3f1dd9fe14e0,25,0x8c8d1170edec715723d0884775e78d9b3c35e32e,0x6090a6e47849629b7245dfa1ca21d94cd15878ef,0,500000,20000000000,0,,0x47872b4281f1404cbee6a310f3aef45427ab18845bbea8683f93bd823d1ea617922018bb000000000000000000000000000000000000000000000000002386f26fc10000a95799a717d545d3d7a001bf94908e275182e72caf7df6bbff337f991aabbf31,,775898,81116,12136880,0x47872b42,"unsealBid(bytes32 _hash, uint256 _value, bytes32 _salt)",0,sent,0x8c8d1170edec715723d0884775e78d9b3c35e32e
174,3838032,1496893688,0x09e0a269ac69ca218076cd25babad402c628cd3fc7ffd93dcc40d3469310fbe8,138,0x4f0a9502779a97aab2372768939e54d87bfd8995fad7d54b04cb5280acdf6fb3,11,0x8c8d1170edec715723d0884775e78d9b3c35e32e,0x6090a6e47849629b7245dfa1ca21d94cd15878ef,0,500000,20000000000,0,,0x47872b4279c8cfc4c5b7c27843da400fe3d18959ff920876696a378a8c99e90463673e4f000000000000000000000000000000000000000000000000002386f26fc10000a95799a717d545d3d7a001bf94908e275182e72caf7df6bbff337f991aabbf31,,863759,81116,12136878,0x47872b42,"unsealBid(bytes32 _hash, uint256 _value, bytes32 _salt)",0,sent,0x8c8d1170edec715723d0884775e78d9b3c35e32e
175,3838036,1496893784,0xba84f13eb4a506c20df9f31d7ea93079990c24c3e9a5f3237c184dad33b6de9a,139,0x4d593be5dd08d2b38ed78e9c40e13f11ed25354c1c20272b2ed7abe67cefb6df,30,0x8c8d1170edec715723d0884775e78d9b3c35e32e,0x6090a6e47849629b7245dfa1ca21d94cd15878ef,0,500000,20000000000,0,,0x47872b42769f50aa935fa7b8afb04d4e5ee02e6dd1bc22d90daa67fd0a9f2c5e2d03d409000000000000000000000000000000000000000000000000002386f26fc10000a95799a717d545d3d7a001bf94908e275182e72caf7df6bbff337f991aabbf31,,1810863,81116,12136874,0x47872b42,"unsealBid(bytes32 _hash, uint256 _value, bytes32 _salt)",0,sent,0x8c8d1170edec715723d0884775e78d9b3c35e32e
176,3838046,1496894015,0xef40ca07489bd3bc0c162a9780bdae67ec0e96c4a2ef1369551e2e6a0d0f8f33,140,0xb08894361053560a65582293fdda1e54a3c9ceee5eed9a3e280ffceafec28a6c,38,0x8c8d1170edec715723d0884775e78d9b3c35e32e,0x6090a6e47849629b7245dfa1ca21d94cd15878ef,0,500000,20000000000,0,,0x47872b42707324ed2046f98c6be2846bc6a6d21fdd7c42bd7d11428fb67e2f9a57220eb9000000000000000000000000000000000000000000000000002386f26fc10000a95799a717d545d3d7a001bf94908e275182e72caf7df6bbff337f991aabbf31,,3199457,81116,12136864,0x47872b42,"unsealBid(bytes32 _hash, uint256 _value, bytes32 _salt)",0,sent,0x8c8d1170edec715723d0884775e78d9b3c35e32e
177,3838580,1496902957,0x39a5b3dad74ab1043df00a697f8179b21719e844097fdc1911cd4987565afb49,834895,0xb2c248157857618443854742c290942329e32a97316ac4294b07cecfd78ba877,84,0x61c808d82a3ac53231750dadc13c777b59310bd9,0x8c8d1170edec715723d0884775e78d9b3c35e32e,720883253277629924,90000,21431669200,0,,0x,,4364638,21000,12136330,0x,,0.720883253277629924,received,0x8c8d1170edec715723d0884775e78d9b3c35e32e
178,3838701,1496905099,0x55f0f877aa21c57ce71c209ada6cea5071560a07c3ca4a6a6db6cec08ed4301e,141,0x972f2658074463d887bc967d449c37a70c5074ae708dd08a9c883760d890f939,63,0x8c8d1170edec715723d0884775e78d9b3c35e32e,0xedb47396a7109def7202335038c281c53b82ab34,1000000000000000000,60000,22881767957,0,,0x,,1944417,21000,12136209,0x,,1,sent,0x8c8d1170edec715723d0884775e78d9b3c35e32e
179,3839044,1496910814,0x3ccb7e500e3329b41a190cf5a3c8edeb9fffeb7e852620b9b8a09f2dcb19021f,142,0x52ad97a26b46009353032c0b5cf901b66c6367df33cf0ff466fdcf23d26849d5,33,0x8c8d1170edec715723d0884775e78d9b3c35e32e,0x6ed729fc1cd9cf5303c40e495747eb03b78c5fc2,126000000000000000,60000,15000000000,0,,0x,,932317,21000,12135866,0x,,0.126,sent,0x8c8d1170edec715723d0884775e78d9b3c35e32e
180,3843828,1496990096,0x7e2d1f008557867d61ea7f674cf2e6bccfdad1297dbbc0657921c005f80a5879,143,0x272abf0d507a2c49846721ba03dbf361a7d5b16c6c920e46aa7315d8746e2b41,59,0x8c8d1170edec715723d0884775e78d9b3c35e32e,0x5f5ed4cb3f238ed274091f8bd338c959da51c316,192000000000000000,60000,15000000000,0,,0x,,2881888,21000,12131082,0x,,0.192,sent,0x8c8d1170edec715723d0884775e78d9b3c35e32e
181,3843831,1496990164,0x662c370781b9bec26d1d1977ac89b9b9561398233f889e68ef99bf273a7ba260,843247,0x58b2b21e990e1e4aa5a0e22d491a7fb1c2ba7788be925963c0328ca71dd00dce,127,0x61c808d82a3ac53231750dadc13c777b59310bd9,0x8c8d1170edec715723d0884775e78d9b3c35e32e,720852871568876965,90000,21444215592,0,,0x,,3676142,21000,12131079,0x,,0.720852871568876965,received,0x8c8d1170edec715723d0884775e78d9b3c35e32e
182,3847935,1497057720,0x3fcbf3835980ecd2bacdf9f767172bf12ec17ea4fcdd904168bb8d8a28ed101e,144,0x7db6ec6d943e454f049df602381e5447fb270e49a24d5746036feaba71a50ea0,39,0x8c8d1170edec715723d0884775e78d9b3c35e32e,0x6090a6e47849629b7245dfa1ca21d94cd15878ef,0,500000,20000000000,0,,0x983b94fb79c8cfc4c5b7c27843da400fe3d18959ff920876696a378a8c99e90463673e4f,,2162755,93219,12126975,0x983b94fb,finalizeAuction(bytes32 _hash),0,sent,0x8c8d1170edec715723d0884775e78d9b3c35e32e
183,3848303,1497063646,0x0ca0e5df65e6d5b244e63be204e6d12f740ed9cf1332bed07326cb82271bea81,145,0x69368fe4f1d88671347327e772ddede1f1fc29ee1b35ee7b8eca9e927d2396b0,34,0x8c8d1170edec715723d0884775e78d9b3c35e32e,0x6090a6e47849629b7245dfa1ca21d94cd15878ef,0,500000,20000000000,0,,0x983b94fb707324ed2046f98c6be2846bc6a6d21fdd7c42bd7d11428fb67e2f9a57220eb9,,1655775,93219,12126607,0x983b94fb,finalizeAuction(bytes32 _hash),0,sent,0x8c8d1170edec715723d0884775e78d9b3c35e32e
184,3848307,1497063735,0x6233708358c218ce60ee914432ad28a87ca4d93c0b18dc812e658b85ca82f49c,146,0x21c26df1e5f131cefd2d3e245d8b8508800fb2291e175321934f9e7f89974d75,17,0x8c8d1170edec715723d0884775e78d9b3c35e32e,0x6090a6e47849629b7245dfa1ca21d94cd15878ef,0,500000,20000000000,0,,0x983b94fb769f50aa935fa7b8afb04d4e5ee02e6dd1bc22d90daa67fd0a9f2c5e2d03d409,,560589,93219,12126603,0x983b94fb,finalizeAuction(bytes32 _hash),0,sent,0x8c8d1170edec715723d0884775e78d9b3c35e32e
185,3849170,1497077493,0xaed7cad774bc1035cd8af11f3f6226c28e8659dd7b369de9119766ab46691c3f,147,0xe813856f2b2cc35cd42df521151dcf72618322d64f9c6b7e52c697ac1288efef,14,0x8c8d1170edec715723d0884775e78d9b3c35e32e,0x5f5ed4cb3f238ed274091f8bd338c959da51c316,192200000000000000,60000,15000000000,0,,0x,,551162,21000,12125740,0x,,0.1922,sent,0x8c8d1170edec715723d0884775e78d9b3c35e32e
186,3849224,1497078376,0x37a6fbc33fa5f219d694f545e81fe9a36d9ae26ced9cfed2c6f60afb4c912648,851867,0x1ad7de20b1caf001b470622b0459c4c8b55442e5e418aa1fb2c8edc43ff1b2bf,88,0x61c808d82a3ac53231750dadc13c777b59310bd9,0x8c8d1170edec715723d0884775e78d9b3c35e32e,726450077149460382,90000,20000000000,0,,0x,,3225077,21000,12125686,0x,,0.726450077149460382,received,0x8c8d1170edec715723d0884775e78d9b3c35e32e
187,3854636,1497167037,0x804a4fa39b40c1f2e3d3d78761801a14b08141012c515c10c82e1c059038f6a9,148,0x8ec95f23c7af53f02650404dd2b5d60890aa9bf8cf677333799df01f43813e7c,82,0x8c8d1170edec715723d0884775e78d9b3c35e32e,0x5f5ed4cb3f238ed274091f8bd338c959da51c316,140000000000000000,60000,15000000000,0,,0x,,2694410,21000,12120274,0x,,0.14,sent,0x8c8d1170edec715723d0884775e78d9b3c35e32e
188,3854653,1497167327,0x8b332fab1503b5aac42b4debc194fadad6b6a0c209fc8d421c30176dfc01520c,861336,0xd44c43e76b5f1320f804c3d4df52608bcf398e6e6070a6dbf4147951b466fce9,58,0x61c808d82a3ac53231750dadc13c777b59310bd9,0x8c8d1170edec715723d0884775e78d9b3c35e32e,530018603936469263,90000,24611255529,0,,0x,,1392635,21000,12120257,0x,,0.530018603936469263,received,0x8c8d1170edec715723d0884775e78d9b3c35e32e
189,3856080,1497191390,0xd0937623b91cf9af728822a4ca224bc3bfe29e52f94351e1c650788b5112c7ff,19921,0x2ed4c5639cfbd519a7d4c67ee530ac20955ba04b6667487f63b93ac9162ae7cb,97,0x69ea6b31ef305d6b99bb2d4c9d99456fa108b02a,0x8c8d1170edec715723d0884775e78d9b3c35e32e,800000000000000000,90000,22061831512,0,,0x,,3974549,21000,12118830,0x,,0.8,received,0x8c8d1170edec715723d0884775e78d9b3c35e32e
190,3856141,1497192349,0x58f760cc9efe3edfa01b3b7a95189644702629179af8159503549ce3e6b1a290,19938,0xfec8412c5137469d024d1452c57dadd559c58b68bfe8cb18971766a670771954,13,0x69ea6b31ef305d6b99bb2d4c9d99456fa108b02a,0x8c8d1170edec715723d0884775e78d9b3c35e32e,2990000000000000000,90000,22061831512,0,,0x,,1287208,21000,12118769,0x,,2.99,received,0x8c8d1170edec715723d0884775e78d9b3c35e32e
191,3858920,1497237666,0x9fd5cc511cf9e76a0647eea2db8fb57c980bd17d0f2f040b313bd9d7b47a2047,149,0x7e65ab285aff11042c4a4e4387d1c75ed087edc3788717f2881b51fb6b1ea558,0,0x8c8d1170edec715723d0884775e78d9b3c35e32e,0x4ce4d57633ae2494d3ddde3209e40a2424597796,4000000000000000000,60000,100000000000,0,,0x,,21000,21000,12115990,0x,,4,sent,0x8c8d1170edec715723d0884775e78d9b3c35e32e
192,3860169,1497258425,0x9cf22db6d9d5aed270e127d6bc64bf0072d1132fff51f8cd3d43dc941f737d31,150,0x9b031884c983e78ac497d36f3369429205a962cbdecf49dc8d5a0373ba9a252b,28,0x8c8d1170edec715723d0884775e78d9b3c35e32e,0x6ed729fc1cd9cf5303c40e495747eb03b78c5fc2,169000000000000000,60000,15000000000,0,,0x,,915930,21000,12114741,0x,,0.169,sent,0x8c8d1170edec715723d0884775e78d9b3c35e32e
193,3860326,1497261169,0x5ee09582e54387e950b44696e30be2cb79ef7204abb29e49c855cc4280d73fec,869951,0x49cb03f02b571389af0d8098b5b4e9197206bf00af97c7b7261f166e3537350e,104,0x61c808d82a3ac53231750dadc13c777b59310bd9,0x8c8d1170edec715723d0884775e78d9b3c35e32e,638901275346936042,90000,20905972899,0,,0x,,2359986,21000,12114584,0x,,0.638901275346936042,received,0x8c8d1170edec715723d0884775e78d9b3c35e32e
194,3861603,1497282198,0xb88e6084e2ea46f527130c666843425822fbea5b0f7156555948a576bf59da47,151,0x3a79b0d48779629107ffa9587b48c80150e6bf43af6b5e3ca5ef9a075bcf1380,50,0x8c8d1170edec715723d0884775e78d9b3c35e32e,0xbbc79794599b19274850492394004087cbf89710,4500000000000000000,165000,50000000000,0,,0x696d746f6b656e,,2146761,91967,12113307,0x696d746f,,4.5,sent,0x8c8d1170edec715723d0884775e78d9b3c35e32e
195,3863832,1497318441,0xcd0371bbba15e430407b7ba3d06da7d152834f0ba7b5b43d7bafe36a289baccb,32,0xc95da021b347fe28813f00bb49eb3f111f5f6b164761301c09aa139dc992ca17,33,0x73ef8eca7b929618550fccccd23998cbe0eea1bf,0x8c8d1170edec715723d0884775e78d9b3c35e32e,1000000000000000000,23100,22458870304,0,,0x,,2825136,21000,12111078,0x,,1,received,0x8c8d1170edec715723d0884775e78d9b3c35e32e
196,3863997,1497321267,0x9bbd33382ab3715ba6852a01125bb4ebf4e928e333f42b4a7dc523acef28abdc,21093,0xbb889a81276c8fe5b8e2602f8f69a86757fd7f04bcb041625d29f9e5429917a5,30,0x69ea6b31ef305d6b99bb2d4c9d99456fa108b02a,0x8c8d1170edec715723d0884775e78d9b3c35e32e,1826680000000000000,90000,22458870304,0,,0x,,917136,21000,12110913,0x,,1.82668,received,0x8c8d1170edec715723d0884775e78d9b3c35e32e
197,3864300,1497326203,0x6fa337f776940c4ee94c5dc685cf9c8ada997f62855d5c3b358f5b83538f3ffb,21155,0x21fd32c44d318b006fd3c59f9ec2aa2a37b216c457adfb09f799b067643574f3,29,0x69ea6b31ef305d6b99bb2d4c9d99456fa108b02a,0x8c8d1170edec715723d0884775e78d9b3c35e32e,2478900000000000000,90000,22458870304,0,,0x,,2156162,21000,12110610,0x,,2.4789,received,0x8c8d1170edec715723d0884775e78d9b3c35e32e
198,3864484,1497329519,0x765c92324288074e109caf46c7947be3c629a9373743ede6a0d3307c1b28bd59,152,0xaabe04cc1453585495d5a6bb9ba144f24247a63630c60e58b20d34f324cfcf60,152,0x8c8d1170edec715723d0884775e78d9b3c35e32e,0x2840c1162114780f3b617b030621022571c2bcb0,5300000000000000000,191000,22458870304,0,,0x696d746f6b656e,,3825093,21476,12110426,0x696d746f,,5.3,sent,0x8c8d1170edec715723d0884775e78d9b3c35e32e
199,3865297,1497342723,0x4b4265294f8bd6d73b36d56df60f39e23e603a8ebd8990d0409ae043ccfbee72,879271,0x466a12452b8041f36a18e008ae06852e3e0a9ffd7fff2884210f4b532964a9b8,89,0x61c808d82a3ac53231750dadc13c777b59310bd9,0x8c8d1170edec715723d0884775e78d9b3c35e32e,679869971955556808,90000,22097153642,0,,0x,,3523125,21000,12109613,0x,,0.679869971955556808,received,0x8c8d1170edec715723d0884775e78d9b3c35e32e
200,3865446,1497345105,0x6663de5aadfc6eba8f6ac5011841f97696a9b40c1a27738f36c39cee8f47c937,153,0x543f718228c970c2d5ae5499399700d63075642f69ce8ddba9ca3c26808a5fa8,42,0x8c8d1170edec715723d0884775e78d9b3c35e32e,0x6ed729fc1cd9cf5303c40e495747eb03b78c5fc2,180000000000000000,60000,15000000000,0,,0x,,1235963,21000,12109464,0x,,0.18,sent,0x8c8d1170edec715723d0884775e78d9b3c35e32e
201,3866563,1497363528,0x86e4b6f311a778ce6f4cc84f64a066ae5840443450b1011aa8642ed3320861e7,154,0xace2fa053156874b5e4e1299df30178a7f551311c8625f28dfb8dc98d849edbe,52,0x8c8d1170edec715723d0884775e78d9b3c35e32e,0x4ce4d57633ae2494d3ddde3209e40a2424597796,500000000000000000,60000,27500000000,0,,0x,,1576560,21000,12108347,0x,,0.5,sent,0x8c8d1170edec715723d0884775e78d9b3c35e32e
202,3870744,1497431686,0x6145f93fa2ca52a1104684eab09595bfcbaeeba6ae17e5184d1234bd806cf426,889287,0x27fdb191b662fcdcd84ef8a2d9b46ee0564baeac756491fd131df79023500bec,107,0x61c808d82a3ac53231750dadc13c777b59310bd9,0x8c8d1170edec715723d0884775e78d9b3c35e32e,642847337213507529,90000,20000000000,0,,0x,,3272116,21000,12104166,0x,,0.642847337213507529,received,0x8c8d1170edec715723d0884775e78d9b3c35e32e
203,3871414,1497442788,0x406fe2b2827c1bc27aabac0a04d3bb50428e0b375087e8a92556d7c175cafa39,155,0x78c3744a1d16a0dfb1332dade5602e83ae66ef343d75718a18526ea083cb8de8,67,0x8c8d1170edec715723d0884775e78d9b3c35e32e,0x6ed729fc1cd9cf5303c40e495747eb03b78c5fc2,171000000000000000,60000,15000000000,0,,0x,,1771600,21000,12103496,0x,,0.171,sent,0x8c8d1170edec715723d0884775e78d9b3c35e32e
204,3874838,1497498040,0xce1a618a36e829e5551d42621329a4238a3973917df204bac9d8f00fdcea221f,899589,0xb3a74e4a617383a8c75ee564e3c789e1b2b78a12128f2ba9b8454b8cb9985677,155,0x61c808d82a3ac53231750dadc13c777b59310bd9,0x8c8d1170edec715723d0884775e78d9b3c35e32e,642538049914301686,90000,22518305445,0,,0x,,3456189,21000,12100072,0x,,0.642538049914301686,received,0x8c8d1170edec715723d0884775e78d9b3c35e32e
205,3875200,1497504267,0xfd04eb31441fb2b6e7675448a315c00305ada2b5b99629ec63822916ba8a093a,156,0x9cd78c97c8ebd6cd801d062e6a9cbaffcce1f8c1b40bcffed1e14e3a789fe10a,44,0x8c8d1170edec715723d0884775e78d9b3c35e32e,0x6ed729fc1cd9cf5303c40e495747eb03b78c5fc2,170000000000000000,60000,15000000000,0,,0x,,2092515,21000,12099710,0x,,0.17,sent,0x8c8d1170edec715723d0884775e78d9b3c35e32e
206,3879915,1497580919,0x14c539e06b41d30a69323e0a8765b2b305c7b80776af42754e1ab57955dcff6d,157,0x4da1bfcb9ff34e3db8ac27482adc62cbf99f33c1970ec859d1a869d3ed5f5313,65,0x8c8d1170edec715723d0884775e78d9b3c35e32e,0xa450e8b775c6b42d5436829ea8b242dbaaeb6074,940000000000000000,60000,15000000000,0,,0x,,3527525,21000,12094995,0x,,0.94,sent,0x8c8d1170edec715723d0884775e78d9b3c35e32e
207,3880779,1497595763,0x811664eda953dbbb7a73a3a8cb4f813a1face8e843fa3c47cd32f08e3d7f3e07,1289,0x065e105e492b0362eff2c827e421497fdeb0e97127e729b466799674d6703a83,42,0xbac84302846b3501b803c8a239d30355a3a88633,0x8c8d1170edec715723d0884775e78d9b3c35e32e,3180430000000000000,90000,20000000000,0,,0x,,2133258,21000,12094131,0x,,3.18043,received,0x8c8d1170edec715723d0884775e78d9b3c35e32e
208,3880875,1497597182,0x9d791074c1076ee93ce18c7b95d769c544467342d2213a598e6030f0de49ea3c,910312,0xfe6d2e7ea08aae470ac71eff1a058f826d434ae9d9af911213bcc7ca9f951936,137,0x61c808d82a3ac53231750dadc13c777b59310bd9,0x8c8d1170edec715723d0884775e78d9b3c35e32e,630507465166977477,90000,23495805587,0,,0x,,3162369,21000,12094035,0x,,0.630507465166977477,received,0x8c8d1170edec715723d0884775e78d9b3c35e32e
209,3881026,1497599742,0xf27c7ef9baa683272d881c930f38d689be9b78240d60d2095ea8a05f6a69c92d,158,0x0279d58248ff88829ef5f08af0c96f8be85cbe80970a947ee5e590aa3de328d6,60,0x8c8d1170edec715723d0884775e78d9b3c35e32e,0x6ed729fc1cd9cf5303c40e495747eb03b78c5fc2,167000000000000000,60000,15000000000,0,,0x,,4273453,21000,12093884,0x,,0.167,sent,0x8c8d1170edec715723d0884775e78d9b3c35e32e
210,3881167,1497601876,0x13b18d0905dceaec434ada50779c69a5973a4e50bce2644827839a2a3ae27831,159,0x3cbd81bc6cd70025de36a326653a7401da03a2f6ad2a8d11b6145f291983325e,27,0x8c8d1170edec715723d0884775e78d9b3c35e32e,0xb96d762978c528151c648b0c55c7c748c1409b04,2000000000000000000,60000,15000000000,0,,0x,,1764376,21000,12093743,0x,,2,sent,0x8c8d1170edec715723d0884775e78d9b3c35e32e
211,3881173,1497601953,0x8ebf96fd00a4f0679cb71110efbaf3b74546be4536d826c4a8b592a535f9d3e6,160,0x366d84b527469cb5ff0db096de52a43aa3af565be9ad836e3ca4c0a2bd0016e7,72,0x8c8d1170edec715723d0884775e78d9b3c35e32e,0x42ba2619d342ad90c71829b3da4a3279ac95e39d,1600000000000000000,60000,15000000000,0,,0x,,2657418,21000,12093737,0x,,1.6,sent,0x8c8d1170edec715723d0884775e78d9b3c35e32e
212,3885973,1497679122,0x36f0d179dc55a7e756abd58a5c14746bf64ded7e5bd9101db3f7129d46571cb1,921323,0x1f8bf82ea0a5d35a0554eb53391e5bf3e85f2b5eb77b0f6c740a50f3ffdb21af,45,0x61c808d82a3ac53231750dadc13c777b59310bd9,0x8c8d1170edec715723d0884775e78d9b3c35e32e,620076783521685052,90000,20000000000,0,,0x,,1278055,21000,12088937,0x,,0.620076783521685052,received,0x8c8d1170edec715723d0884775e78d9b3c35e32e
213,3886053,1497680543,0x026e1546cb8fdbedc6048efcebc3ba9024e9f4a9705e101dd0c245f8a8751e5b,161,0xa340fd7a5b4bee016e3d7ef8cac59ba25140fb6b87d164a343384c73dff17d95,50,0x8c8d1170edec715723d0884775e78d9b3c35e32e,0x6ed729fc1cd9cf5303c40e495747eb03b78c5fc2,164000000000000000,60000,15000000000,0,,0x,,2296890,21000,12088857,0x,,0.164,sent,0x8c8d1170edec715723d0884775e78d9b3c35e32e
214,3886652,1497690072,0xaf38d1bf793028c2804c456250ae346d1f4be094565d38215e36ec042ccc7247,162,0xf8119601a4248ec658ab135456132a85bf9e36a5a9fb6d73efa7718407916a75,61,0x8c8d1170edec715723d0884775e78d9b3c35e32e,0x1f573d6fb3f13d689ff844b4ce37794d79a7ff1c,0,60000,15000000000,1,,0xa9059cbb0000000000000000000000006ed729fc1cd9cf5303c40e495747eb03b78c5fc2000000000000000000000000000000000000000000000002b5e3af16b1880000,,2388879,60000,12088258,0xa9059cbb,"transfer(address _to, uint256 _value)",0,sent,0x8c8d1170edec715723d0884775e78d9b3c35e32e
215,3891113,1497762549,0x1361982233a4359f95f47e9b1ca33a2ea0837cd6a6f19993a6af376b69e8eb32,163,0xa08d974bd69c02cf93e5cd1801abc2af9c2fd5ffe73968b73e593d7dd8db14bd,55,0x8c8d1170edec715723d0884775e78d9b3c35e32e,0x6ed729fc1cd9cf5303c40e495747eb03b78c5fc2,160000000000000000,60000,15000000000,0,,0x,,2911920,21000,12083797,0x,,0.16,sent,0x8c8d1170edec715723d0884775e78d9b3c35e32e
216,3891188,1497763811,0x0ca0d04b5d6d7dbf05c05e222f8d04f441e754fa0c8f0e89b031573dd3398ed6,932681,0x0b9b4fc1dafcdf6b102ef8ab253e5ac8582ce73495ca4e4caa8507a737e26660,115,0x61c808d82a3ac53231750dadc13c777b59310bd9,0x8c8d1170edec715723d0884775e78d9b3c35e32e,608484648951307598,90000,20000000000,0,,0x,,2525959,21000,12083722,0x,,0.608484648951307598,received,0x8c8d1170edec715723d0884775e78d9b3c35e32e
217,3896149,1497844402,0x3b2ef159310895124e5b548a48e6098a508568e3717327ebceec8b6050ed3035,944224,0xe912b713b8e97d521abce94c783f3da822df279940fec26cb644b1c736de4148,79,0x61c808d82a3ac53231750dadc13c777b59310bd9,0x8c8d1170edec715723d0884775e78d9b3c35e32e,594912865604253546,90000,21540327287,0,,0x,,2046874,21000,12078761,0x,,0.594912865604253546,received,0x8c8d1170edec715723d0884775e78d9b3c35e32e
218,3896255,1497845954,0x860abf6143cf6e8a8dec90f91f808185d0119149bc60dd239cc916e944df6fb6,164,0xfa51487577bbee53773587b687b68b03caf4fbd46ddfd9ba08f3e94686dcae7d,35,0x8c8d1170edec715723d0884775e78d9b3c35e32e,0x6ed729fc1cd9cf5303c40e495747eb03b78c5fc2,157000000000000000,60000,15000000000,0,,0x,,1102367,21000,12078655,0x,,0.157,sent,0x8c8d1170edec715723d0884775e78d9b3c35e32e
219,3896322,1497847088,0x1481e6634119717caa865afdf0530738997a1f1416ae3de382efbec7338eae94,165,0xaca45240ea7df34636a16809a41fe353542739c759b20841f9ca64d00ce64c0e,30,0x8c8d1170edec715723d0884775e78d9b3c35e32e,0x40395044ac3c0c57051906da938b54bd6557f212,0,60000,15000000000,0,,0xa9059cbb000000000000000000000000dc30a9f894b1e556d0359f2d4491c8b173b905650000000000000000000000000000000000000000000000000000003c1fd99170,,1545268,55649,12078588,0xa9059cbb,"transfer(address _to, uint256 _value)",0,sent,0x8c8d1170edec715723d0884775e78d9b3c35e32e
220,3896331,1497847255,0xf33d471953406d687a4b7423162601879c6643dd40f4ed3617c7e85c2f930e80,166,0x7f865abf89b8aa0e78db52413e6ac452d58e37a762620bec83d54287447cbf65,109,0x8c8d1170edec715723d0884775e78d9b3c35e32e,0xdc30a9f894b1e556d0359f2d4491c8b173b90565,1390000000000000000,60000,15000000000,0,,0x,,4621164,21000,12078579,0x,,1.39,sent,0x8c8d1170edec715723d0884775e78d9b3c35e32e
221,3900564,1497916159,0xcccfc60017765e1b5e9746a5fb5698bab31c91ee8e527910beb391289d3f9343,26001,0x73b778058636730eabcb4b2c565158313415593fbe184e6493f7aa4f852f3f8d,56,0x69ea6b31ef305d6b99bb2d4c9d99456fa108b02a,0x8c8d1170edec715723d0884775e78d9b3c35e32e,2960000000000000000,90000,20000000000,0,,0x,,2328072,21000,12074346,0x,,2.96,received,0x8c8d1170edec715723d0884775e78d9b3c35e32e
222,3901432,1497930616,0x6402b0316e31f9ac0d8043ef3fcfb5a492a0c7dc1b7617c8a4b3baf8f4cd0410,167,0xfdf4e8575a38829b1f19a9a5a09a195bf84507218588e2423d4db2345243c8d0,96,0x8c8d1170edec715723d0884775e78d9b3c35e32e,0xa450e8b775c6b42d5436829ea8b242dbaaeb6074,2900000000000000000,60000,4000000000,0,,0x,,4382708,21000,12073478,0x,,2.9,sent,0x8c8d1170edec715723d0884775e78d9b3c35e32e
223,3902189,1497943925,0x7579347654cb167c928a9818e6b1177e2a4973eebfb85d47806e774f343c4366,956253,0x250da297a56a8122f625a03307babea41f3faf6685a29816fa34539b8ea9048c,37,0x61c808d82a3ac53231750dadc13c777b59310bd9,0x8c8d1170edec715723d0884775e78d9b3c35e32e,589736098544806667,90000,25235503574,0,,0x,,844905,21000,12072721,0x,,0.589736098544806667,received,0x8c8d1170edec715723d0884775e78d9b3c35e32e
224,3902266,1497945029,0xb132c4e160000e5ca305a348f9d2046a867e1ea2afde933071a4f40e862e92a3,168,0x5274e96ebb4baf537a6c115e740208764e4192425b840ad128b8d715740be6b2,77,0x8c8d1170edec715723d0884775e78d9b3c35e32e,0x6ed729fc1cd9cf5303c40e495747eb03b78c5fc2,156000000000000000,60000,4000000000,0,,0x,,3679911,21000,12072644,0x,,0.156,sent,0x8c8d1170edec715723d0884775e78d9b3c35e32e
225,3902286,1497945536,0x62129cab31a62f5b1f2fb3be7a15ebb09326cc4bc324e5dcafa07fa704fa9713,169,0x778be6fe432ba6be7ebde44243a86ecf3ac1f6df0e4d299b3f2bbec73f832185,75,0x8c8d1170edec715723d0884775e78d9b3c35e32e,0x1f573d6fb3f13d689ff844b4ce37794d79a7ff1c,0,60000,4000000000,1,,0xa9059cbb000000000000000000000000b96d762978c528151c648b0c55c7c748c1409b040000000000000000000000000000000000000000000000000de0b6b3a7640000,,4198024,60000,12072624,0xa9059cbb,"transfer(address _to, uint256 _value)",0,sent,0x8c8d1170edec715723d0884775e78d9b3c35e32e
226,3908309,1498050940,0x6a116b2011b895c2814805518714123dc385f5e48ccf5c0924ccbedc26e37226,170,0x1d4d2d86d4a85ddf03c828b474fe3b6dbb95491afb64a6a748c6fe474350eb83,26,0x8c8d1170edec715723d0884775e78d9b3c35e32e,0x55d34b686aa8c04921397c5807db9ecedba00a4c,480000000000000000,191000,50000000000,1,,0x696d746f6b656e,,3561607,191000,12066601,0x696d746f,,0.48,sent,0x8c8d1170edec715723d0884775e78d9b3c35e32e
227,3913332,1498139754,0x7bb106a9c55ea11c973e21ac7ad8cd5fb078ad091fe90d6cef4c4c9dbf94b281,14032,0x3172d9efb85847ae90a46e7f50569b5f92522e4d8f31e515536435d46570cdcd,103,0x829bd824b016326a401d083b33d092293333a830,0x8c8d1170edec715723d0884775e78d9b3c35e32e,1056306203341548825,90000,51311252711,0,,0x,,2594301,21000,12061578,0x,,1.056306203341548825,received,0x8c8d1170edec715723d0884775e78d9b3c35e32e
228,3913785,1498148205,0x9a7c4c18010273e3e1daea373dbc302cb862ea70b2af97f2b5d03cf69e8f5dfb,171,0x27a128c8642971475461d3d24d613deeb6c002e99762c4f22876bfcfe9fd130c,67,0x8c8d1170edec715723d0884775e78d9b3c35e32e,0x1f573d6fb3f13d689ff844b4ce37794d79a7ff1c,0,60000,4000000000,0,,0xa9059cbb0000000000000000000000006ed729fc1cd9cf5303c40e495747eb03b78c5fc2000000000000000000000000000000000000000000000002b5e3af16b1880000,,4668049,52408,12061125,0xa9059cbb,"transfer(address _to, uint256 _value)",0,sent,0x8c8d1170edec715723d0884775e78d9b3c35e32e
229,3915980,1498186714,0x9c8ab03759de8caaee1f21ffa07f9851702a0a22945af53463dcf307864a03aa,172,0x12d5dd716f73789fcd5cb6dbc4b89144a484092fd40f219e04ce778eb02b052a,49,0x8c8d1170edec715723d0884775e78d9b3c35e32e,0x40395044ac3c0c57051906da938b54bd6557f212,0,60000,30411003716,0,,0xa9059cbb000000000000000000000000dc30a9f894b1e556d0359f2d4491c8b173b9056500000000000000000000000000000000000000000000000000000012ae391d70,,1611602,55649,12058930,0xa9059cbb,"transfer(address _to, uint256 _value)",0,sent,0x8c8d1170edec715723d0884775e78d9b3c35e32e
230,3916006,1498187300,0xfa0b7112d4fcc531806faf5e06080f45c20d54abecc443d13bccaee1f88a8b7b,173,0x7fa23aec900d592bc719f6e388c2341f0105da2744ed910c6a6ba87f19aa7393,45,0x8c8d1170edec715723d0884775e78d9b3c35e32e,0xe735a5b89808237de055e0dc8af9fbe7a98cc973,1500000000000000000,60000,30411003716,0,,0x,,1472656,21000,12058904,0x,,1.5,sent,0x8c8d1170edec715723d0884775e78d9b3c35e32e
231,3916694,1498199118,0x784856fd5ae23fa41ba6d66308a17b10f88f4e7dae4b886c33837397f162cc7e,17989,0x39702dcc2619fac653ad0f68c43c8f2e0b93fd8036e8cb607bf7a75e870caffa,92,0x829bd824b016326a401d083b33d092293333a830,0x8c8d1170edec715723d0884775e78d9b3c35e32e,516671807316476820,90000,22661257247,0,,0x,,4498835,21000,12058216,0x,,0.51667180731647682,received,0x8c8d1170edec715723d0884775e78d9b3c35e32e
232,3916928,1498203370,0x29c935102c5434c9f62a3569f1b8575c28bc837edc985e0f862f14c98c8c46d8,174,0xedfd7a06bb81ce666a70b441af3db65b216a2a775881fa9c10e2dcb2a372d59d,55,0x8c8d1170edec715723d0884775e78d9b3c35e32e,0x80a3bffe6408d4cbd6291f9d03e1b59091e94df3,417000000000000000,60000,4000000000,0,,0x,,2887246,21000,12057982,0x,,0.417,sent,0x8c8d1170edec715723d0884775e78d9b3c35e32e
233,3916982,1498204287,0xd3d729f4abffd3176cf3ac5cfb253dc29fa03afd1bfb80995a053b4c30cec9a4,175,0xd996e2a6a30d732cc439e8b75c3d72556b877ec765e95fc73900e73dde803aea,79,0x8c8d1170edec715723d0884775e78d9b3c35e32e,0x1f573d6fb3f13d689ff844b4ce37794d79a7ff1c,0,60000,4000000000,0,,0xa9059cbb000000000000000000000000dc30a9f894b1e556d0359f2d4491c8b173b9056500000000000000000000000000000000000000000000000821ab0d4414980000,,4692341,52408,12057928,0xa9059cbb,"transfer(address _to, uint256 _value)",0,sent,0x8c8d1170edec715723d0884775e78d9b3c35e32e
234,3917283,1498209641,0xf5bb95f728a9b0c249c54c06e3cf38f27d87581c7d7dded1e261c5b744142d23,176,0xfeced84e7f0fb2c33f9616b98f6123994118308e17c61c1ad76b2568a243456d,50,0x8c8d1170edec715723d0884775e78d9b3c35e32e,0x1f573d6fb3f13d689ff844b4ce37794d79a7ff1c,0,60000,4000000000,0,,0xa9059cbb000000000000000000000000532358cf9012e0820a83cb4ebfdb01982185419e000000000000000000000000000000000000000000000002b5e3af16b1880000,,4494168,52408,12057627,0xa9059cbb,"transfer(address _to, uint256 _value)",0,sent,0x8c8d1170edec715723d0884775e78d9b3c35e32e
235,3922362,1498298263,0x8ebee91f446fffb99d9ed843112eaaa650c23398d274d1e22ac1573a87d699e4,29319,0xbe58ebe7de71c5b4f308a7b7b508ec5397d64d3a2a04932d69c1fb98ed56c63e,124,0x829bd824b016326a401d083b33d092293333a830,0x8c8d1170edec715723d0884775e78d9b3c35e32e,517740918173932748,90000,51311252711,0,,0x,,2820431,21000,12052548,0x,,0.517740918173932748,received,0x8c8d1170edec715723d0884775e78d9b3c35e32e
236,3922964,1498309529,0xe9a3c5ff73491467f23af7c8ba914d80085bc1f4ba62696178579531b19b290d,177,0xce19879bc902c7b3455a5f68a0bd6a1a97a48f88670fdc5e37f56e63a7fb330f,7,0x8c8d1170edec715723d0884775e78d9b3c35e32e,0xd43d09ec1bc5e57c8f3d0c64020d403b04c7f783,600000000000000000,75000,500000000000,0,,0x696d746f6b656e,,540717,68494,12051946,0x696d746f,,0.6,sent,0x8c8d1170edec715723d0884775e78d9b3c35e32e
237,3925832,1498359363,0xbf9e0c221a09f0a0594373903722b22de88a11686989dda2faf56a1de58419a4,43648,0x097c669f7bbd78ed519d01b544e073c30b09d52b004be1325ff7ff5ac53faf3d,186,0x829bd824b016326a401d083b33d092293333a830,0x8c8d1170edec715723d0884775e78d9b3c35e32e,511789567162128121,90000,51311252711,0,,0x,,4166025,21000,12049078,0x,,0.511789567162128121,received,0x8c8d1170edec715723d0884775e78d9b3c35e32e
238,3926305,1498367441,0xbbcadec159baf15a0ddb17e63a66971f230aebd5f9b3c23f50aa6f326955ddfd,178,0x1fe2ee124f87aa9187828e501bbe6f2ec75f9369532bede72f7c7e51c05775d4,5,0x8c8d1170edec715723d0884775e78d9b3c35e32e,0xd0a6e6c54dbc68db5db3a091b171a77407ff7ccf,0,100000,51311252711,0,,0xf2c298be00000000000000000000000000000000000000000000000000000000000000200000000000000000000000000000000000000000000000000000000000000035454f5338364e76455943665241524d58416257367a6b57446131726535396b4d4d51346b7156747235595339676e456a426533346d0000000000000000000000,,195224,90224,12048605,0xf2c298be,register(string hash),0,sent,0x8c8d1170edec715723d0884775e78d9b3c35e32e
239,3927422,1498386662,0xcf3b321dd7cf1b743fc286573afdf3b9f43f7bbb86f90473b34c84e67e092a7d,179,0xda87102d44258a510862b41030d4414f4a0b7db9cdf9e4692c291eb5517a00e9,13,0x8c8d1170edec715723d0884775e78d9b3c35e32e,0xa450e8b775c6b42d5436829ea8b242dbaaeb6074,530000000000000000,25200,4000000000,0,,0x,,294000,21000,12047488,0x,,0.53,sent,0x8c8d1170edec715723d0884775e78d9b3c35e32e
240,3931419,1498456011,0xa209bd6f825c17d7fcf64b422a8e43943b65c5d66159d7cd12aaea18b918f409,56350,0x919ceeb2a444420f681e605430a9ff25977418a9b6a187c7eed1c7463caccabe,26,0x829bd824b016326a401d083b33d092293333a830,0x8c8d1170edec715723d0884775e78d9b3c35e32e,503717815566136631,90000,51311252711,0,,0x,,598282,21000,12043491,0x,,0.503717815566136631,received,0x8c8d1170edec715723d0884775e78d9b3c35e32e
241,3936243,1498541065,0x8d06176d468aa4700506980941a2a35df117af6b57c905705ca2a053bee19a8e,71616,0xa7747b8c7870b940ec7e66485233121c85c30b64c135cee211bd08cd7eeda8ea,38,0x829bd824b016326a401d083b33d092293333a830,0x8c8d1170edec715723d0884775e78d9b3c35e32e,486863310340904620,90000,51311252711,0,,0x,,959546,21000,12038667,0x,,0.48686331034090462,received,0x8c8d1170edec715723d0884775e78d9b3c35e32e
242,3936421,1498544035,0x21e4f1c396ebbd0f6c8c6e191edd3955eea8b23d2b519e517d268cace88cfbb7,180,0xa28ce63ad549d81dc4013e1f76cc11cb247c5febab3c0403bbe0159412f18ad8,13,0x8c8d1170edec715723d0884775e78d9b3c35e32e,0xa77c89e699169e1bbaf19ec53fab8181f5b339c8,980000000000000000,25200,4000000000,0,,0x,,307874,21000,12038489,0x,,0.98,sent,0x8c8d1170edec715723d0884775e78d9b3c35e32e
243,3941251,1498626648,0x58fbd421996d07b8a1bf829edeaa011a6532ff5a3c78da0c9c9fa21f2b6f77d8,84863,0x1a9bc172da61ba30e897a3d31f6ee8aee613cf105b667c66af1394028cec44e6,126,0x829bd824b016326a401d083b33d092293333a830,0x8c8d1170edec715723d0884775e78d9b3c35e32e,482029741403234399,90000,51311252711,0,,0x,,2838213,21000,12033659,0x,,0.482029741403234399,received,0x8c8d1170edec715723d0884775e78d9b3c35e32e
244,3946107,1498711954,0x72589ad86fc2009ae16fec80c2511e200690aea119e8eefc485079454975e467,100389,0x7c557b82f13881d3378804a1586bcbb32d132c5af63a21d3315fd054a81e6193,82,0x829bd824b016326a401d083b33d092293333a830,0x8c8d1170edec715723d0884775e78d9b3c35e32e,479145592570304303,90000,51311252711,0,,0x,,3055150,21000,12028803,0x,,0.479145592570304303,received,0x8c8d1170edec715723d0884775e78d9b3c35e32e
245,3946881,1498724953,0x2dfa70d8067fea7aa7304c465ab36119faf3e4751e8b125c5b2956ac7dba8c55,181,0x909b334078a2f8c481dcb9f965e5734ba7109d1e2253ae4caefa3cfeef404df9,61,0x8c8d1170edec715723d0884775e78d9b3c35e32e,0x6ed729fc1cd9cf5303c40e495747eb03b78c5fc2,157000000000000000,25200,4000000000,0,,0x,,1355138,21000,12028029,0x,,0.157,sent,0x8c8d1170edec715723d0884775e78d9b3c35e32e
246,3950882,1498794082,0x3d740fadf2500da66086f1ef32fcf28f2a54a9a33aeeb3f0d9774ae52dc82ee3,114346,0x1d68633724dfeaa512f8f4cd3e6d4fa06faa0a3701e227065f56c450bfa8aaf4,82,0x829bd824b016326a401d083b33d092293333a830,0x8c8d1170edec715723d0884775e78d9b3c35e32e,473957337802782906,90000,21422596910,0,,0x,,1915280,21000,12024028,0x,,0.473957337802782906,received,0x8c8d1170edec715723d0884775e78d9b3c35e32e
247,3951033,1498796957,0xd22fecebcf6901e9c8ce3d74853a64c7c1d831fd6ae70273b658a892434de9e1,182,0xe907fe9b5f2473a3240a1076c07965982389ae54741d3f050e1f54462cf435bb,60,0x8c8d1170edec715723d0884775e78d9b3c35e32e,0x6ed729fc1cd9cf5303c40e495747eb03b78c5fc2,125000000000000000,25200,4000000000,0,,0x,,1996888,21000,12023877,0x,,0.125,sent,0x8c8d1170edec715723d0884775e78d9b3c35e32e
248,3956147,1498884603,0x32a01be91394981593fde762dc0c8369dd0241dbdb006437ad14251c3beaa3ea,130162,0x5f6d88719344f72cf45a228b51b7dbaf6a39e074df91f5537c09983b8108ed55,109,0x829bd824b016326a401d083b33d092293333a830,0x8c8d1170edec715723d0884775e78d9b3c35e32e,470132780636220586,90000,20000000000,0,,0x,,4168826,21000,12018763,0x,,0.470132780636220586,received,0x8c8d1170edec715723d0884775e78d9b3c35e32e
249,3956411,1498889400,0xd18f2e9999f1e37768ee742670e8af20e6432cc907a65f59930d3dd7f61f078d,183,0x7c179c199b02c58897cb1a654ac2ebff0db28761af917b25940448c1d0178244,45,0x8c8d1170edec715723d0884775e78d9b3c35e32e,0x5f5ed4cb3f238ed274091f8bd338c959da51c316,125000000000000000,25200,4000000000,0,,0x,,2313121,21000,12018499,0x,,0.125,sent,0x8c8d1170edec715723d0884775e78d9b3c35e32e
250,3960868,1498965953,0x31efe17167f3c7c5788d3bae8822bbed916f9e777c55087fa88c4f667476ae10,144781,0xf2d468f5e0025e5b6fe61b81398794cd565351e46b73d87b6a1da71864c9592a,159,0x829bd824b016326a401d083b33d092293333a830,0x8c8d1170edec715723d0884775e78d9b3c35e32e,456890533740108693,90000,21344201265,0,,0x,,4886810,21000,12014042,0x,,0.456890533740108693,received,0x8c8d1170edec715723d0884775e78d9b3c35e32e
251,3961277,1498972950,0xad4ee9de72ff1e71c1397f2ca4e30c2643b36651e763da6e93d547c0d318d0b7,184,0xc16647560383efc8783c146fe0d029aa5ac380ed7fa08a92e988d9f4fbfb4b69,8,0x8c8d1170edec715723d0884775e78d9b3c35e32e,0x9052817120f5de707939dd5e87af89d5abd6e7a1,121000000000000000,25200,4000000000,0,,0x,,239559,21000,12013633,0x,,0.121,sent,0x8c8d1170edec715723d0884775e78d9b3c35e32e
252,3965978,1499053054,0xbba8cb738208db59bda48f8f9d058764d93b0a1c6988077129cf84289e0df586,185,0xaf797eef30a5661a3c4df07edc7f36eecd7d6adc47c414235aa711ca944b34cd,46,0x8c8d1170edec715723d0884775e78d9b3c35e32e,0x6090a6e47849629b7245dfa1ca21d94cd15878ef,0,100000,21000000000,0,,0xede8acdb5f3cfc44daeec1455ec052ffd50503130ddc5511783e2dc9af3bf83e84495b49,,3079910,59865,12008932,0xede8acdb,startAuction(bytes32 _hash),0,sent,0x8c8d1170edec715723d0884775e78d9b3c35e32e
253,3966310,1499058519,0xaafaa53435ace701955f744b8459c05d2d03e76530cc0729f9c6bc9cb157e7b5,186,0x780804cfd16cac9a56d61cc915d8851d2e98be4629d1c3d56c740e6fb931cbf1,61,0x8c8d1170edec715723d0884775e78d9b3c35e32e,0x95677e6f180c2e1456fa9aafe87c52bc30a2b578,1000000000000000000,25200,4000000000,0,,0x,,1389534,21000,12008600,0x,,1,sent,0x8c8d1170edec715723d0884775e78d9b3c35e32e
254,3966767,1499066186,0xa92c084f4c16689487fd72d61c151b91e51324dab221f41f0810ff31a336102e,187,0xc0a054b8b8ed3d75ff80a0f6d43d6cbfca54b9885309f750c9654164384fed03,77,0x8c8d1170edec715723d0884775e78d9b3c35e32e,0x744d70fdbe2ba4cf95131626614a1763df805b9e,0,180000,4000000000,0,,0xa9059cbb0000000000000000000000007151053d79df1979f91ffd145a6ff284ef15e3c8000000000000000000000000000000000000000000000b1c6786ba068a180000,,4769984,103563,12008143,0xa9059cbb,"transfer(address _to, uint256 _value)",0,sent,0x8c8d1170edec715723d0884775e78d9b3c35e32e
255,3967024,1499070952,0x296ddb444a0fd0271faf146ae8e77e5e70b1b3424ad2032af593918a81578765,160700,0x2924af0c74581953a3b4ec7bd3d88216ebf2d7343c37894db44c1a8cf3d4491f,104,0x829bd824b016326a401d083b33d092293333a830,0x8c8d1170edec715723d0884775e78d9b3c35e32e,447930517568698271,90000,24049400038,0,,0x,,3428283,21000,12007886,0x,,0.447930517568698271,received,0x8c8d1170edec715723d0884775e78d9b3c35e32e
256,3967215,1499074171,0x1cde16970af2d1b96d13d4b6a0f417920f496f9f9a652b9e7a8f0c34a58873e7,188,0x83671b7eba23de8a4cffa5af46b34879a571378f7965a23adc8bfed4362e2b2a,125,0x8c8d1170edec715723d0884775e78d9b3c35e32e,0x9052817120f5de707939dd5e87af89d5abd6e7a1,118700000000000000,25200,4000000000,0,,0x,,5545412,21000,12007695,0x,,0.1187,sent,0x8c8d1170edec715723d0884775e78d9b3c35e32e
257,3967242,1499074649,0xa5bb3f7333862cea058f78ec377275a2f0590f29ab34f0809c372c22b4d46205,189,0x7c12b6c578643cdd9e6d3322f3e06f80fdfd7d4e4c71b0acfd81ec3fb0026b3c,51,0x8c8d1170edec715723d0884775e78d9b3c35e32e,0xb97048628db6b661d4c2aa833e95dbe1a905b280,0,60000,4000000000,1,,0xa9059cbb0000000000000000000000006ed729fc1cd9cf5303c40e495747eb03b78c5fc200000000000000000000000000000000000000000000000da933d8d8c6700000,,3113045,60000,12007668,0xa9059cbb,"transfer(address _to, uint256 _value)",0,sent,0x8c8d1170edec715723d0884775e78d9b3c35e32e
258,3967264,1499075041,0x1876857fd9a1a55e9b40c11479ac8c5c4c595db122abfb88544b844d2bc57917,190,0x30ec658306a8aaa12e5dd5d92c23b0469ee8f0ffaaa90b67108d88d6f9d7ddb5,25,0x8c8d1170edec715723d0884775e78d9b3c35e32e,0x6ed729fc1cd9cf5303c40e495747eb03b78c5fc2,100000000000000000,25200,4000000000,0,,0x,,546000,21000,12007646,0x,,0.1,sent,0x8c8d1170edec715723d0884775e78d9b3c35e32e
259,3967273,1499075233,0x306c77b56116df022d94d9146410395baa476ed0ae6f6e48ec58a3b7df0d7011,191,0x2c160e230271d50c4ef000b02b02f03d9949946cec23870a919489992bafd9c3,42,0x8c8d1170edec715723d0884775e78d9b3c35e32e,0xd0a6e6c54dbc68db5db3a091b171a77407ff7ccf,0,200000,21577280664,0,,0xd1058e59,,4068763,113130,12007637,0xd1058e59,claimAll(),0,sent,0x8c8d1170edec715723d0884775e78d9b3c35e32e
260,3970732,1499134705,0x51e13b9e9aafeb61a7184aa75860edc8e144ba7091dfebf274172d3faf420c72,1835,0x8665fa848d4fa266bcfb5aaa1d4ea3d6b03bef9a45768609dddf92c8ea1e71ed,63,0x8727716b7f5b5b9d2febcf3612289064b4e687a5,0x8c8d1170edec715723d0884775e78d9b3c35e32e,306005642000000000,940000,21000000000,0,,0x,,2562360,21000,12004178,0x,,0.306005642,received,0x8c8d1170edec715723d0884775e78d9b3c35e32e
261,3971526,1499148026,0x21f893a90190964343d4cd4873bd65bdc90dad64169adced0985a353b32d58e8,175542,0xb7c01a0a82a612745d7b7f3ef1852548bc8fb85b1cb69f084d385d7f8792eca3,247,0x829bd824b016326a401d083b33d092293333a830,0x8c8d1170edec715723d0884775e78d9b3c35e32e,442796557556053841,90000,20000000000,0,,0x,,6161704,21000,12003384,0x,,0.442796557556053841,received,0x8c8d1170edec715723d0884775e78d9b3c35e32e
262,3971733,1499151547,0x978879c57eced382be952065b8078bfadca7dad3b8c502386e9afd3148f594a8,192,0x85c39d41985a2b4529f6a8a62eb2e86811affebabc565dc6d157617b20f2bd3a,3,0x8c8d1170edec715723d0884775e78d9b3c35e32e,0xd0a6e6c54dbc68db5db3a091b171a77407ff7ccf,1800000000000000000,129500,51000000000,0,,0x696d746f6b656e,,115553,52553,12003177,0x696d746f,,1.8,sent,0x8c8d1170edec715723d0884775e78d9b3c35e32e
263,3971752,1499151791,0xa5aaf1f440c05187afee78bd20b9559e87b910907701b92090dfe13a67012dec,46438,0xa5f3d105438d175efee8360f26cc10e826e3fbb6254f3122a51156cb5e4fe879,19,0x69ea6b31ef305d6b99bb2d4c9d99456fa108b02a,0x8c8d1170edec715723d0884775e78d9b3c35e32e,1997930000000000000,90000,20000000000,0,,0x,,2133258,21000,12003158,0x,,1.99793,received,0x8c8d1170edec715723d0884775e78d9b3c35e32e
264,3971837,1499153177,0x1a98869326bf23e5e3f69cb6f6513a843d141e9a79e6780ecf58609e697649fa,193,0x1c97bafc62b66975844c3f2e4fb8579a828a352090eaa4892d9a02ac0b4b2e77,5,0x8c8d1170edec715723d0884775e78d9b3c35e32e,0xd0a6e6c54dbc68db5db3a091b171a77407ff7ccf,2000000000000000000,129500,51000000000,0,,0x696d746f6b656e,,290961,37553,12003073,0x696d746f,,2,sent,0x8c8d1170edec715723d0884775e78d9b3c35e32e
265,3972369,1499162574,0x150cdb2e3ee3c8a21d68ab214fba6afb49015de5db4b4eaa91070e13e3ebf54d,194,0x3f81202fddb2e8d5bb73017a4dc1a33444e9ef1f83ad57879b498a33e30da8a9,71,0x8c8d1170edec715723d0884775e78d9b3c35e32e,0xd0a6e6c54dbc68db5db3a091b171a77407ff7ccf,0,200000,20000000000,0,,0xd1058e59,,5698629,132064,12002541,0xd1058e59,claimAll(),0,sent,0x8c8d1170edec715723d0884775e78d9b3c35e32e
266,3972549,1499165485,0xa9b169aeaa4f3b650d32f26f7efce9c1cccd4a86569a65af20598eb2aed810d1,195,0xdb9d43235549a0969f2dbd6ee6dd40d51775f5e8013f1255b77cdba86083580c,58,0x8c8d1170edec715723d0884775e78d9b3c35e32e,0x86fa049857e0209aa7d9e616f7eb3b3b78ecfdb0,0,60000,4000000000,0,,0xa9059cbb0000000000000000000000009052817120f5de707939dd5e87af89d5abd6e7a100000000000000000000000000000000000000000000000852cba8829d7a0000,,4130749,40843,12002361,0xa9059cbb,"transfer(address _to, uint256 _value)",0,sent,0x8c8d1170edec715723d0884775e78d9b3c35e32e
267,3975827,1499221456,0xef8a47312f779f27a7c0ac79790c4861c7e7a7d5279a3c926309436c5fab02fa,1867,0x7e378a966cc83606de40e6ba4d311fa0be511d33e97becf8ba5fa5627abc3f10,48,0x8727716b7f5b5b9d2febcf3612289064b4e687a5,0x8c8d1170edec715723d0884775e78d9b3c35e32e,436897363000000000,940000,21000000000,0,,0x,,2503283,21000,11999083,0x,,0.436897363,received,0x8c8d1170edec715723d0884775e78d9b3c35e32e
268,3976356,1499231140,0x0074c5cacef531e6380e60132b8af081a0f20c30bf8f95ad457c55057a39c084,191695,0x158dd2dc96d09c41eca3ac4e657b6a6d57cc1671aa85375a0afd1768a444dbbd,190,0x829bd824b016326a401d083b33d092293333a830,0x8c8d1170edec715723d0884775e78d9b3c35e32e,436587060914777993,90000,20000000000,0,,0x,,6274608,21000,11998554,0x,,0.436587060914777993,received,0x8c8d1170edec715723d0884775e78d9b3c35e32e
269,3976949,1499241363,0x34d8c4b4a9231028bb11a56375c4032eb47e5b70f6f9ee9b563d9dca77f3aa62,196,0xd972d869251d967656bf161c9839f9ada99d1e0de3dd5c4384b5856bb5c65ce0,56,0x8c8d1170edec715723d0884775e78d9b3c35e32e,0x9052817120f5de707939dd5e87af89d5abd6e7a1,133000000000000000,25200,4000000000,0,,0x,,1259176,21000,11997961,0x,,0.133,sent,0x8c8d1170edec715723d0884775e78d9b3c35e32e
270,3977094,1499244015,0xef0ad3df428d13874f1183aa3587b91e2a943b78d56f21f8747ebdc926aea6f1,197,0x21934069573a89affbbf38ac0e294d4e1a8535efd62e469e20420dd11be4fc56,0,0x8c8d1170edec715723d0884775e78d9b3c35e32e,0xd0a6e6c54dbc68db5db3a091b171a77407ff7ccf,500000000000000000,129500,51000000000,0,,0x696d746f6b656e,,52553,52553,11997816,0x696d746f,,0.5,sent,0x8c8d1170edec715723d0884775e78d9b3c35e32e
271,3977213,1499245982,0x51481123f0ef44a3d664ce133c4f04f29ec83ac44c723d5387b5b6469f0224d5,198,0xfb14dde48eb89d9cdeb86018c454f00d72dc13242a64971f7e9937ce7fbf3aab,56,0x8c8d1170edec715723d0884775e78d9b3c35e32e,0xd0a6e6c54dbc68db5db3a091b171a77407ff7ccf,0,400000,20000000000,0,,0xd1058e59,,4416018,75720,11997697,0xd1058e59,claimAll(),0,sent,0x8c8d1170edec715723d0884775e78d9b3c35e32e
272,3980835,1499308196,0x34f2ee5abbaf0ca85dfb90a34684d8bc838db86d46b994dab27560d0875ec941,1899,0xe055097913519a9093453d9a7f5eaf0b39a96a6cb38d22aecffe825c02696822,9,0x8727716b7f5b5b9d2febcf3612289064b4e687a5,0x8c8d1170edec715723d0884775e78d9b3c35e32e,263409711000000000,940000,21000000000,0,,0x,,280008,21000,11994075,0x,,0.263409711,received,0x8c8d1170edec715723d0884775e78d9b3c35e32e
273,3980920,1499309570,0x546196ef308c6da7df15d5b6441b4c06f1fa282ad72f7e04574ca7f261727f0f,199,0x6794bb7b2ce6ac882ea8d997babcb27572742291883d33bb1d42ed6a7e0f3711,14,0x8c8d1170edec715723d0884775e78d9b3c35e32e,0x86fa049857e0209aa7d9e616f7eb3b3b78ecfdb0,0,60000,4000000000,0,,0xa9059cbb0000000000000000000000007151053d79df1979f91ffd145a6ff284ef15e3c8000000000000000000000000000000000000000000000009f98351204fe00000,,523485,40843,11993990,0xa9059cbb,"transfer(address _to, uint256 _value)",0,sent,0x8c8d1170edec715723d0884775e78d9b3c35e32e
274,3981475,1499318931,0x9b91600819edf5913f891afe56e626c23eda738e7f060a9d6b0535424f9186aa,206971,0x6e10571c607f809e63c7bf9bb6785cfb25f431add1380ab4ac9c3e7c0ad34670,169,0x829bd824b016326a401d083b33d092293333a830,0x8c8d1170edec715723d0884775e78d9b3c35e32e,438300663562335819,90000,20340146304,0,,0x,,3961646,21000,11993435,0x,,0.438300663562335819,received,0x8c8d1170edec715723d0884775e78d9b3c35e32e
275,3981900,1499326051,0xb33c50b1501965845ea2556e726fe6d918aefc1a169ed29b306bac7e973b773a,200,0xd1e7b008d90285fcd5c662f1410dce5252765b9d1dc25aec27859ff367f2e540,86,0x8c8d1170edec715723d0884775e78d9b3c35e32e,0x6ed729fc1cd9cf5303c40e495747eb03b78c5fc2,155000000000000000,25200,4000000000,0,,0x,,3050068,21000,11993010,0x,,0.155,sent,0x8c8d1170edec715723d0884775e78d9b3c35e32e
276,3981973,1499327287,0xadc60781354413350f35ad670fa0e31fd4d4459148ccc1f7384eb8cd8531d1bf,53953,0xe939b6c73781ea04509486552aeaed7ec71a0a923fc5322114c8509ec5f99d1e,47,0x69ea6b31ef305d6b99bb2d4c9d99456fa108b02a,0x8c8d1170edec715723d0884775e78d9b3c35e32e,819000000000000000,90000,21000000000,0,,0x,,1792539,21000,11992937,0x,,0.819,received,0x8c8d1170edec715723d0884775e78d9b3c35e32e
277,3981986,1499327544,0x9876b2ed9b29c8a0d2ce77e259d7754a214f26341a106db769e194a063f0fb73,201,0x5620ef55192bbb5c767a363c003660427498533b030f8721da77b3e06ebcee7b,11,0x8c8d1170edec715723d0884775e78d9b3c35e32e,0xd0a6e6c54dbc68db5db3a091b171a77407ff7ccf,1500000000000000000,129500,51000000000,0,,0x696d746f6b656e,,442895,52553,11992924,0x696d746f,,1.5,sent,0x8c8d1170edec715723d0884775e78d9b3c35e32e
278,3982078,1499328976,0xdce13a2c0eb66865e5e69331be89260d9129b3c92a63773e8cc593ed38b3f14f,202,0x2ffb9c66e76a41a6484289922fbddae6b2066d2db0658fc57d7c14c5061069ae,73,0x8c8d1170edec715723d0884775e78d9b3c35e32e,0xd0a6e6c54dbc68db5db3a091b171a77407ff7ccf,0,400000,21000000000,0,,0xd1058e59,,3957558,77682,11992832,0xd1058e59,claimAll(),0,sent,0x8c8d1170edec715723d0884775e78d9b3c35e32e
279,3983313,1499349148,0xd3d2c80ec64d4e10da313461aecd6c75815fd31f9f4e01fe150c1198678c5fd4,1435,0x6c99aa164ed16d891f73aa4c55ab4aec839fe46c39b317e57903e662e32be322,32,0xd585ebefe744b466080c990cd0dea3b6eadf0a08,0x8c8d1170edec715723d0884775e78d9b3c35e32e,975000000000000000,90000,21000000000,0,,0x,,1160435,21000,11991597,0x,,0.975,received,0x8c8d1170edec715723d0884775e78d9b3c35e32e
280,3985844,1499393734,0x73046c285bc80d0795d8c88091bf43ce1bbfdd2fe869998a4229f2c6d16c825d,1924,0x44abadec832bd86bf1ba13cfc079b80f4b941f59a9b80fa2017248c9fed02edd,20,0x8727716b7f5b5b9d2febcf3612289064b4e687a5,0x8c8d1170edec715723d0884775e78d9b3c35e32e,304509619000000000,940000,21000000000,0,,0x,,1360901,21000,11989066,0x,,0.304509619,received,0x8c8d1170edec715723d0884775e78d9b3c35e32e
281,3986477,1499404298,0x651097e0099f1c943184537fe9e6d4f1962fd3f3322aa2ab87f1c62630dce066,223282,0x12129f7bb4c5afe3ecd8bd7f3ed9245555e437fbbc58c1026b24df627cbec3ca,60,0x829bd824b016326a401d083b33d092293333a830,0x8c8d1170edec715723d0884775e78d9b3c35e32e,438502769290902146,90000,20000000000,0,,0x,,2015327,21000,11988433,0x,,0.438502769290902146,received,0x8c8d1170edec715723d0884775e78d9b3c35e32e
282,3986792,1499410729,0xffcf44eac5a17bee9f0dc30a8ebdff1142ac3dc5a3e050d82a7e7badfc9fc57d,203,0x8fcf57ee6b7940796dedab15df5ce0f5e58ddc97e8d10c80b895a8d5550bd000,117,0x8c8d1170edec715723d0884775e78d9b3c35e32e,0xd0a6e6c54dbc68db5db3a091b171a77407ff7ccf,1500000000000000000,129500,51000000000,0,,0x696d746f6b656e,,3687815,52553,11988118,0x696d746f,,1.5,sent,0x8c8d1170edec715723d0884775e78d9b3c35e32e
283,3986817,1499411143,0x5403d264b9587bad8501425caa7baa5e008c4dfcf3a9199b03c11017394d8251,204,0x37972672abf0eac2fd6498bce966d03e959cef322cbc26f62847bc9609560cf2,68,0x8c8d1170edec715723d0884775e78d9b3c35e32e,0xd0a6e6c54dbc68db5db3a091b171a77407ff7ccf,0,200000,21000000000,0,,0x379607f50000000000000000000000000000000000000000000000000000000000000006,,6340806,66253,11988093,0x379607f5,claim(uint256 amount),0,sent,0x8c8d1170edec715723d0884775e78d9b3c35e32e
284,3987115,1499415756,0x33d26ed4f99f202d9341568986ca6c4acc13d0bd9bad8fbfffbdcef1b609d0db,205,0x73dead85c355a74a1df7bc8ec9264f01aabf541dc0c4958f4318be3567c30cc1,68,0x8c8d1170edec715723d0884775e78d9b3c35e32e,0x6ed729fc1cd9cf5303c40e495747eb03b78c5fc2,155000000000000000,25200,4000000000,0,,0x,,4260174,21000,11987795,0x,,0.155,sent,0x8c8d1170edec715723d0884775e78d9b3c35e32e
285,3987333,1499419705,0x56f4923aed4abefea3dbc54d4150367d98dcc74d2520f2c65a71af7eb4610f26,206,0x717be82a22a5fc1311e91638f04d1798647a1f5a8d235ae02ac79eed561777df,38,0x8c8d1170edec715723d0884775e78d9b3c35e32e,0xb97048628db6b661d4c2aa833e95dbe1a905b280,0,60000,4000000000,1,,0xa9059cbb0000000000000000000000006ed729fc1cd9cf5303c40e495747eb03b78c5fc200000000000000000000000000000000000000000000000da933d8d8c6700000,,4056379,60000,11987577,0xa9059cbb,"transfer(address _to, uint256 _value)",0,sent,0x8c8d1170edec715723d0884775e78d9b3c35e32e
286,3988675,1499442115,0x8f7166b761b847974401d78151f0a886775a5a2f8ca2a00d135c2a09a02ee084,207,0x30dbf379394b01232d2f9e9e7252eeb1f8657753bcea44fd5d1fa1c03b22fc93,40,0x8c8d1170edec715723d0884775e78d9b3c35e32e,0xb97048628db6b661d4c2aa833e95dbe1a905b280,0,60000,21888949886,0,,0xa9059cbb000000000000000000000000a77c89e699169e1bbaf19ec53fab8181f5b339c800000000000000000000000000000000000000000000000da933d8d8c6700000,,2450960,37065,11986235,0xa9059cbb,"transfer(address _to, uint256 _value)",0,sent,0x8c8d1170edec715723d0884775e78d9b3c35e32e
287,3990895,1499480168,0xf4ac955c3ea4563fa7ba252dff9d461c5ff78433bb85a7d8e21aa61e0665e1fd,1956,0x0808a1c8a2cff2552da29af97e5587f2d4d9b980388a27977e1f353f078ffa2c,53,0x8727716b7f5b5b9d2febcf3612289064b4e687a5,0x8c8d1170edec715723d0884775e78d9b3c35e32e,387003057000000000,940000,21888949886,0,,0x,,1844833,21000,11984015,0x,,0.387003057,received,0x8c8d1170edec715723d0884775e78d9b3c35e32e
288,3991524,1499490937,0x6fefa197f30cbad8df6b70e642b5061fe440325f9c72f3c66dd4954591af8051,239634,0xdcb8ea41ca11a74a2315144c26542309f5e84a0c2a02e5fc192778ef64cb4451,176,0x829bd824b016326a401d083b33d092293333a830,0x8c8d1170edec715723d0884775e78d9b3c35e32e,340434489509817030,90000,20000000000,0,,0x,,3959081,21000,11983386,0x,,0.34043448950981703,received,0x8c8d1170edec715723d0884775e78d9b3c35e32e
289,3991685,1499493455,0x21a6713ddccaa9a764abec001b4cec3964d74c7096e23bbe183dbd8743c44d4a,208,0xe17db0b91b8192a089493210351111a77888c5bd5869359ca96aa40e8a189c52,5,0x8c8d1170edec715723d0884775e78d9b3c35e32e,0xd0a6e6c54dbc68db5db3a091b171a77407ff7ccf,880000000000000000,129500,51000000000,0,,0x696d746f6b656e,,255918,52553,11983225,0x696d746f,,0.88,sent,0x8c8d1170edec715723d0884775e78d9b3c35e32e
290,3991702,1499493750,0x3282bacce97cf06a3a00d1e6cc3d3ae739a242840755102d08033cd96a81fd1f,209,0xc6223c0137abaeaecb6d0651cd15ba65abf92c211a119637c98e036eaecef4f6,31,0x8c8d1170edec715723d0884775e78d9b3c35e32e,0xd0a6e6c54dbc68db5db3a091b171a77407ff7ccf,0,200000,21000000000,0,,0x379607f50000000000000000000000000000000000000000000000000000000000000007,,2574771,66253,11983208,0x379607f5,claim(uint256 amount),0,sent,0x8c8d1170edec715723d0884775e78d9b3c35e32e
291,3991717,1499493990,0x6ff45f3387372a1646f20607bd694e2d57c3769a018ba1879d790b092aa69f02,210,0x39d059067fca6c0790fc2543dd443a6b929f13f6b69ec7f57a27d0b4dd354f2a,103,0x8c8d1170edec715723d0884775e78d9b3c35e32e,0xb96d762978c528151c648b0c55c7c748c1409b04,10000000000000000,25200,4000000000,0,,0x,,6601840,21000,11983193,0x,,0.01,sent,0x8c8d1170edec715723d0884775e78d9b3c35e32e
292,3996055,1499567156,0x4d4f2d1eba2d545858da84c4e066ed020ffe1ee0253927bd2f1aebdc2a0b31ed,2008,0xee7e4e1d18684805c69872b14100dff1c193471ada417bf4cc136910a786d4c4,10,0x8727716b7f5b5b9d2febcf3612289064b4e687a5,0x8c8d1170edec715723d0884775e78d9b3c35e32e,425321296000000000,940000,47150000000,0,,0x,,500274,21000,11978855,0x,,0.425321296,received,0x8c8d1170edec715723d0884775e78d9b3c35e32e
293,3996153,1499568932,0x996ccdf47417cba40050b61ef904688a5daa736dd83b51811a5ca2b374a08938,211,0x51dba5a1b5c99e69fbbe4cfc382ddd87a42017af522cd73f1584749f83fdcac7,9,0x8c8d1170edec715723d0884775e78d9b3c35e32e,0xd26114cd6ee289accf82350c8d8487fedb8a0c07,0,60000,47150000000,0,,0xa9059cbb000000000000000000000000dc30a9f894b1e556d0359f2d4491c8b173b9056500000000000000000000000000000000000000000000003627e8f712373c0000,,617411,37158,11978757,0xa9059cbb,"transfer(address _to, uint256 _value)",0,sent,0x8c8d1170edec715723d0884775e78d9b3c35e32e
294,3996234,1499570148,0x95bf4c4940461cc75caf0685838f83f47f69e95cd08597b1cb53080d41e556f4,212,0x5cbc00250bdbf80edcf83c367af56df3cea723f678f7de761a1b49c0b347b1c9,13,0x8c8d1170edec715723d0884775e78d9b3c35e32e,0xb97048628db6b661d4c2aa833e95dbe1a905b280,0,60000,16500000000,0,,0xa9059cbb000000000000000000000000c46ba129f0ac27ce1e09438fc8e637dcd59f209a00000000000000000000000000000000000000000000001a055690d9db800000,,593442,52065,11978676,0xa9059cbb,"transfer(address _to, uint256 _value)",0,sent,0x8c8d1170edec715723d0884775e78d9b3c35e32e
295,3996557,1499576239,0xc9a06326a436e59ba300547fa23cd8154044a3e5b84c69046fa6f0fb3c1c3031,213,0xd7a0545e8a35751da36834eadedde2deb3ad13514a476c0bd2b1322d6c8bd2b1,21,0x8c8d1170edec715723d0884775e78d9b3c35e32e,0xd0a6e6c54dbc68db5db3a091b171a77407ff7ccf,400000000000000000,129500,51000000000,0,,0x696d746f6b656e,,1087375,52553,11978353,0x696d746f,,0.4,sent,0x8c8d1170edec715723d0884775e78d9b3c35e32e
296,3996580,1499576688,0xe8b24f2a75a83c5891e064f1b70dd37dfd48c61ca9caa1b590e29b08da77a2b2,214,0xb80d7b32b226f4a4aa0d401f4cf7b34336da139dc511fdc14a9dd503bdc23d1a,91,0x8c8d1170edec715723d0884775e78d9b3c35e32e,0xd0a6e6c54dbc68db5db3a091b171a77407ff7ccf,0,200000,21409501246,0,,0x379607f50000000000000000000000000000000000000000000000000000000000000008,,6455155,66253,11978330,0x379607f5,claim(uint256 amount),0,sent,0x8c8d1170edec715723d0884775e78d9b3c35e32e
297,3996597,1499576958,0x546a329700c82e14d8f0cc33e15510971e12ba3403cce67c2b523d61983805d0,255450,0xd49b08ffd5874f6e727f0016ad6f4f9a94b8e8f0103bf0853f14cdc29210a4cb,50,0x829bd824b016326a401d083b33d092293333a830,0x8c8d1170edec715723d0884775e78d9b3c35e32e,422604074092201209,90000,23273527296,0,,0x,,2353088,21000,11978313,0x,,0.422604074092201209,received,0x8c8d1170edec715723d0884775e78d9b3c35e32e
298,3997604,1499593743,0xec40dbc83049259cfd7510594bf93a9d367916a6c90c4d396abd3a56a4c9d9f3,215,0xc66ffd4f531997e4c02547d1a709324344f6a36d4ce8c4a94de4bd75f33049ff,28,0x8c8d1170edec715723d0884775e78d9b3c35e32e,0x9052817120f5de707939dd5e87af89d5abd6e7a1,270000000000000000,25200,4000000000,0,,0x,,611846,21000,11977306,0x,,0.27,sent,0x8c8d1170edec715723d0884775e78d9b3c35e32e
299,4000703,1499646276,0x2fb8c244b955a9e160dbbfe3e79acbb875802ce921778326dcaa3676bfdba8ad,216,0x396d1d07e02dbd40084e361c3326f400aae14a4139ed2fec8a1b40c3ad56e1ca,16,0x8c8d1170edec715723d0884775e78d9b3c35e32e,0xb97048628db6b661d4c2aa833e95dbe1a905b280,0,60000,4000000000,0,,0xa9059cbb000000000000000000000000a2ad51822a13308276cfff7de82f3bf0e393b56a00000000000000000000000000000000000000000000000da933d8d8c6700000,,451194,52065,11974207,0xa9059cbb,"transfer(address _to, uint256 _value)",0,sent,0x8c8d1170edec715723d0884775e78d9b3c35e32e
300,4001101,1499653296,0x70059df070f53f10d37c4396a6ef607e407c64ca4d28a0130e4473519a492aa4,2036,0xa186aca754c4da2694b47b5616a002334eb51440338b6ae21c30ee523b85c02d,5,0x8727716b7f5b5b9d2febcf3612289064b4e687a5,0x8c8d1170edec715723d0884775e78d9b3c35e32e,376718798000000000,940000,20000000000,0,,0x,,254650,21000,11973809,0x,,0.376718798,received,0x8c8d1170edec715723d0884775e78d9b3c35e32e
301,4001180,1499654921,0x2be2b99f05afd704ce27fedee88f21816191c94230542aca442e63589768eb3e,271493,0x94b3cfb29ad61362498a338200d50a3c505596714f7ea9969f6caabff31dd387,133,0x829bd824b016326a401d083b33d092293333a830,0x8c8d1170edec715723d0884775e78d9b3c35e32e,389510548596220355,90000,21223539939,0,,0x,,4342689,21000,11973730,0x,,0.389510548596220355,received,0x8c8d1170edec715723d0884775e78d9b3c35e32e
302,4002299,1499676546,0x556eeaa6c14fb3f805ae27ccf9440386ad694c94451285397261d2dbecaf4da3,217,0x973ebffc2dea4b061f0af075542347c0fd503ac421056e2ac6226e0b68040247,34,0x8c8d1170edec715723d0884775e78d9b3c35e32e,0x9052817120f5de707939dd5e87af89d5abd6e7a1,137500000000000000,25200,4000000000,0,,0x,,1913907,21000,11972611,0x,,0.1375,sent,0x8c8d1170edec715723d0884775e78d9b3c35e32e
303,4005692,1499740231,0x9cba451f488b66cb02c0251b3ee3267d645c8fbcc692e7b506b424ebd4faffc6,2088,0xa74e5f1c5c8d1d294944b28622374da56c241002d3d41bd5acc3305a6cb089fb,102,0x8727716b7f5b5b9d2febcf3612289064b4e687a5,0x8c8d1170edec715723d0884775e78d9b3c35e32e,369161210000000000,940000,20000000000,0,,0x,,5492606,21000,11969218,0x,,0.36916121,received,0x8c8d1170edec715723d0884775e78d9b3c35e32e
304,4006111,1499748479,0x7db67713dab1a848600134a4c03641eaea1557ab4d38ce9ca944d6fdf6e9c6af,218,0x620ac0d4c866565b67b8389160bb90a156bdc7f9a4c594da960ac47a93d1a8e4,67,0x8c8d1170edec715723d0884775e78d9b3c35e32e,0x9052817120f5de707939dd5e87af89d5abd6e7a1,131000000000000000,25200,4000000000,0,,0x,,2478288,21000,11968799,0x,,0.131,sent,0x8c8d1170edec715723d0884775e78d9b3c35e32e
305,4006392,1499753975,0x328727aa7d478e0956c0a990dd37a69cf22f3204000d964d3b505626e8c01a95,287909,0x44e70dd1ef0100dd69c02c5b7305f03aacf61b90dea90325af25fb35ccd5dd05,191,0x829bd824b016326a401d083b33d092293333a830,0x8c8d1170edec715723d0884775e78d9b3c35e32e,372357460582195006,90000,20000000000,0,,0x,,4608809,21000,11968518,0x,,0.372357460582195006,received,0x8c8d1170edec715723d0884775e78d9b3c35e32e
306,4006918,1499764223,0x1de5f7cf45052cf1b23e879d9ad0df3e4c174c43092fb4b60e9a2040aded23de,219,0xcf1c726ed777d89cd27ce223a2f21ceab88624cfa190124fd025f2285652a82f,27,0x8c8d1170edec715723d0884775e78d9b3c35e32e,0x56f5b904644608137de2689ce8e87168bbce9d29,1000000000000000000,25200,4000000000,0,,0x,,1552639,21000,11967992,0x,,1,sent,0x8c8d1170edec715723d0884775e78d9b3c35e32e
307,4010119,1499825424,0xeb1f43e3edfe53a3335b739f0b80e2f84e21ef4a40c5174450518fef4d2daaa0,2098,0xa8ffb3c979812caa4c8d6db73ab6a9ca6836a1c110c13be6416f7d675d92f661,48,0x8727716b7f5b5b9d2febcf3612289064b4e687a5,0x8c8d1170edec715723d0884775e78d9b3c35e32e,287038956000000000,940000,20000000000,0,,0x,,2154622,21000,11964791,0x,,0.287038956,received,0x8c8d1170edec715723d0884775e78d9b3c35e32e
308,4010267,1499828427,0x318059ec644121e94781a42d6cd36498cef5cb83e3463e0e0f72a5ea56de9517,303442,0xf6fc92689310331f25916350ec337ff31a556a28c5cb6d48a7f02ac192651c91,14,0x829bd824b016326a401d083b33d092293333a830,0x8c8d1170edec715723d0884775e78d9b3c35e32e,323267127574026417,90000,22168110751,0,,0x,,1008784,21000,11964643,0x,,0.323267127574026417,received,0x8c8d1170edec715723d0884775e78d9b3c35e32e
309,4011229,1499846792,0x880fbb62e70445d5d46977ab54feee1d17cd86374069301431631ed64ff63f30,220,0x5ab5b17979fab2e21db25ff338ad40ccd7ebd9fd3a2356501b8944f6e345f8a2,18,0x8c8d1170edec715723d0884775e78d9b3c35e32e,0x9052817120f5de707939dd5e87af89d5abd6e7a1,114000000000000000,25200,4000000000,0,,0x,,423050,21000,11963681,0x,,0.114,sent,0x8c8d1170edec715723d0884775e78d9b3c35e32e
310,4014695,1499912749,0x4b60e416383f9075e889a1fbdb3badadaeafe7eed0ef07d93232ae27aa313b43,2152,0x9c2d2c6125858499cded560c2659a89f93e8187bd5760f4b948ef6f9ecef1291,7,0x8727716b7f5b5b9d2febcf3612289064b4e687a5,0x8c8d1170edec715723d0884775e78d9b3c35e32e,193597562000000000,940000,21000000000,0,,0x,,609250,21000,11960215,0x,,0.193597562,received,0x8c8d1170edec715723d0884775e78d9b3c35e32e
311,4015399,1499926628,0x9c256d119242fc3ab38e26a2618e9a0540d3a5010c047cf619e7efa2b0bdc822,319076,0x21ef057ae201444678d81eca9a81afedfcc210368f01a880c42905b3a44b9e7b,197,0x829bd824b016326a401d083b33d092293333a830,0x8c8d1170edec715723d0884775e78d9b3c35e32e,363624524979161975,90000,23247420931,0,,0x,,4948487,21000,11959511,0x,,0.363624524979161975,received,0x8c8d1170edec715723d0884775e78d9b3c35e32e
312,4019569,1500005925,0xd036a33c6fcc21c7bb5b9c122639e3193174c850c8aa089d343734cf0c7014db,335981,0x0ec292c3d895542297bf652938a47a090cfe865ea639284496516d94eb682a94,39,0x829bd824b016326a401d083b33d092293333a830,0x8c8d1170edec715723d0884775e78d9b3c35e32e,238361139725249053,90000,20000000000,0,,0x,,1686711,21000,11955341,0x,,0.238361139725249053,received,0x8c8d1170edec715723d0884775e78d9b3c35e32e
313,4023026,1500072129,0xa62276b8ee4f9c6fcf3c4b28a0c48fedfb60859ce00ac5fbe9997447c5e4279f,221,0x0e9f933546b4437518ae34398e1a7c446a36818f82ae89baf2fabc3b3e31905d,3,0x8c8d1170edec715723d0884775e78d9b3c35e32e,0xd0a6e6c54dbc68db5db3a091b171a77407ff7ccf,1200000000000000000,129500,51000000000,0,,0x696d746f6b656e,,344553,52553,11951884,0x696d746f,,1.2,sent,0x8c8d1170edec715723d0884775e78d9b3c35e32e
314,4023307,1500077766,0x3214fb503c1a3055b1a72279ae9530a051055aefd851b836ae412629f7fe6423,222,0xe1fbddeaefc3947a29209af8293c3fb6d8cfeaf31eb6a32582075ac762ccc85e,17,0x8c8d1170edec715723d0884775e78d9b3c35e32e,0xd0a6e6c54dbc68db5db3a091b171a77407ff7ccf,0,200000,20000000000,0,,0x379607f5000000000000000000000000000000000000000000000000000000000000000e,,724510,66253,11951603,0x379607f5,claim(uint256 amount),0,sent,0x8c8d1170edec715723d0884775e78d9b3c35e32e
315,4028397,1500173200,0x2ce52222d693ae70c64995b39ba931207a52fe9921182f332d8506062f22c30f,2301,0x14bc36494417b8724100f327eb03c19ffdf805bd9db272baac8c611cda67f602,2,0x8727716b7f5b5b9d2febcf3612289064b4e687a5,0x8c8d1170edec715723d0884775e78d9b3c35e32e,383463316000000000,940000,21000000000,0,,0x,,63000,21000,11946513,0x,,0.383463316,received,0x8c8d1170edec715723d0884775e78d9b3c35e32e
316,4032624,1500253075,0xc5e200958b7f6b75895f572fc1912dc2c23b41468f2aaa6523e82e1fa9de495c,223,0x15eae9ae214bde3be3881cfeb01958f15adea6267affbba593c553214005b5de,7,0x8c8d1170edec715723d0884775e78d9b3c35e32e,0xb97048628db6b661d4c2aa833e95dbe1a905b280,0,60000,1000000000,0,,0xa9059cbb000000000000000000000000b0497ac6aaf4eb77351dd01a85b82d9fd7ce2f0e00000000000000000000000000000000000000000000005150ae84a8cdf00000,,270983,52065,11942286,0xa9059cbb,"transfer(address _to, uint256 _value)",0,sent,0x8c8d1170edec715723d0884775e78d9b3c35e32e
317,4032886,1500257977,0x6dc06065df55441a167b2330b736ca31288c47814272598ed487f223a0383e08,2319,0xd2cab19b38b990b3bad6d80f4d3d7e894b09a3f4c7910298136edc8f33269725,38,0x8727716b7f5b5b9d2febcf3612289064b4e687a5,0x8c8d1170edec715723d0884775e78d9b3c35e32e,345280795000000000,940000,21000000000,0,,0x,,1235937,21000,11942024,0x,,0.345280795,received,0x8c8d1170edec715723d0884775e78d9b3c35e32e
318,4037400,1500345560,0x653dc21f3100ea23d3bf705e5ff9eeb2a6dc6fed70328e4eea3b07a7335b11e4,2393,0x0666499634eb78578f10eb19f3724deb79929d2641603996333c264c994fc7d8,41,0x8727716b7f5b5b9d2febcf3612289064b4e687a5,0x8c8d1170edec715723d0884775e78d9b3c35e32e,685253629000000000,940000,20000000000,0,,0x,,1474911,21000,11937510,0x,,0.685253629,received,0x8c8d1170edec715723d0884775e78d9b3c35e32e
319,4041964,1500432210,0x0ba40d61ceef9099644c438fe668d3ff87590641afc64e450069de3859caf691,2467,0xa4442abafe5a3568f523a5f351af4eae57594d812043b612d805a8e705e041bd,28,0x8727716b7f5b5b9d2febcf3612289064b4e687a5,0x8c8d1170edec715723d0884775e78d9b3c35e32e,880212680000000000,940000,20000000000,0,,0x,,1198716,21000,11932946,0x,,0.88021268,received,0x8c8d1170edec715723d0884775e78d9b3c35e32e
320,4046615,1500519039,0x4b955cd8adabaf3c210e150eec83235dc3a29f80537d80f47b41c32e1d521277,2641,0xaf75249d57786ab3ac067d8c9ff0219e29dc7ec07d059a6e8663ebae4efa919b,0,0x8727716b7f5b5b9d2febcf3612289064b4e687a5,0x8c8d1170edec715723d0884775e78d9b3c35e32e,200399832000000000,940000,20000000000,0,,0x,,21000,21000,11928295,0x,,0.200399832,received,0x8c8d1170edec715723d0884775e78d9b3c35e32e
321,4048752,1500559489,0x0f4290b9b3ce7f5fc632823471353777735a7ae5176badca1a99e72f6b642799,2787,0x0fe8cd5d15feaf25c36af739710bc408bd6c14d8243892e9308cfbd486be4c04,80,0x8727716b7f5b5b9d2febcf3612289064b4e687a5,0x8c8d1170edec715723d0884775e78d9b3c35e32e,1078661292000000000,940000,20000000000,0,,0x,,3702654,21000,11926158,0x,,1.078661292,received,0x8c8d1170edec715723d0884775e78d9b3c35e32e
322,4051289,1500606167,0x4122ddbb37b9b31df5f5650679ccb57a3003607c44df38e1c99417ce9e0c1aca,224,0x7761ff6cf9bfb5c93061f22b7d453bc783703ebde1149c6dc0a7bb4fb109c010,1,0x8c8d1170edec715723d0884775e78d9b3c35e32e,0x86fa049857e0209aa7d9e616f7eb3b3b78ecfdb0,0,60000,1000000000,0,,0xa9059cbb0000000000000000000000007151053d79df1979f91ffd145a6ff284ef15e3c8000000000000000000000000000000000000000000000053b56bb57abb5f4000,,136959,55907,11923621,0xa9059cbb,"transfer(address _to, uint256 _value)",0,sent,0x8c8d1170edec715723d0884775e78d9b3c35e32e
323,4051305,1500606475,0xd5c559420619fe9638f962781e6169b3e22cb775c3a9372da9d3650569023f57,2962,0x895311c12ee750ddc82220f3a092b0bbe1c306287a4583ab95d9518088a84ed7,77,0x8727716b7f5b5b9d2febcf3612289064b4e687a5,0x8c8d1170edec715723d0884775e78d9b3c35e32e,434245756000000000,940000,20000000000,0,,0x,,2228411,21000,11923605,0x,,0.434245756,received,0x8c8d1170edec715723d0884775e78d9b3c35e32e
324,4055708,1500690331,0xd4670432662c989242486787da8a5290b6ee7ba4d44c690bacb9effd0f1cd819,3044,0x9bd9d968db6c9e53d7567de729afdc47a99001d7dde170ff9f43cbf1e9911d85,9,0x8727716b7f5b5b9d2febcf3612289064b4e687a5,0x8c8d1170edec715723d0884775e78d9b3c35e32e,259598273000000000,940000,30500000000,0,,0x,,461736,21000,11919202,0x,,0.259598273,received,0x8c8d1170edec715723d0884775e78d9b3c35e32e
325,4056196,1500698947,0xf1037a0976a5b76dddca92fec5884a2f69f8c63934ce56f1d30bbeb3d3a154a5,225,0x1ef0d4ee883fce766e50191b7747d7b95b8389ed58fcdcc9d7cb2402d50d5b07,38,0x8c8d1170edec715723d0884775e78d9b3c35e32e,0x95677e6f180c2e1456fa9aafe87c52bc30a2b578,1000000000000000000,25200,1000000000,0,,0x,,1720484,21000,11918714,0x,,1,sent,0x8c8d1170edec715723d0884775e78d9b3c35e32e
326,4058423,1500740445,0x46721c36f8bc49a1e5ee44d8f4135258ba8cbbc386af4e4cf6258eb88c8a0a62,3303,0xd7cd53bd296f7f83b859b6f644ce946a88707f4022b56fbe562c96eaf3c5649b,9,0x8727716b7f5b5b9d2febcf3612289064b4e687a5,0x8c8d1170edec715723d0884775e78d9b3c35e32e,870704824000000000,940000,20000000000,0,,0x,,345669,21000,11916487,0x,,0.870704824,received,0x8c8d1170edec715723d0884775e78d9b3c35e32e
327,4060467,1500778347,0xe325bce519729e717765a77e6a94ab9e61c137309d40f41edcd4b560e0184700,3393,0x94aa93a99cbb490df2b9ca7f76f930e4d5ec9f8580418d348df2010717985c2d,21,0x8727716b7f5b5b9d2febcf3612289064b4e687a5,0x8c8d1170edec715723d0884775e78d9b3c35e32e,371528132000000000,940000,20000000000,0,,0x,,1291995,21000,11914443,0x,,0.371528132,received,0x8c8d1170edec715723d0884775e78d9b3c35e32e
328,4065431,1500870348,0x37aced53ff0c2b93a453915e8aa3b221fbadc1d6f63a4fdbf0448f7dec8b23ed,3582,0xe4a4d039ba80017a7296b74df348a289bd661752fc68fa0b0cf2edeb238cd50f,38,0x8727716b7f5b5b9d2febcf3612289064b4e687a5,0x8c8d1170edec715723d0884775e78d9b3c35e32e,898620396000000000,940000,21366390058,0,,0x,,1778780,21000,11909479,0x,,0.898620396,received,0x8c8d1170edec715723d0884775e78d9b3c35e32e
329,4065528,1500872248,0x2fe3b41debaf2c93a7defb0d66bb19b8bdba766fa3fc279ffda22bd7b78b8811,226,0xeacd30cf302b56e08ab28bf03082acdea16e666c16ec32ba4fe7d94bd223f8ef,19,0x8c8d1170edec715723d0884775e78d9b3c35e32e,0x42ba2619d342ad90c71829b3da4a3279ac95e39d,300000000000000000,25200,1000000000,0,,0x,,420000,21000,11909382,0x,,0.3,sent,0x8c8d1170edec715723d0884775e78d9b3c35e32e
330,4069962,1500955322,0xd08180dba9ab85a9d9c09622bf5a7c72180de3b1a2f4691a98c8b41af246bc39,116,0x1b945641b315b0a97ffb65aee0e2d9a15261e914f5b6f710a7a16745fe11f5a1,13,0xbf23b68ff20c411be5658595612f873d785f12d7,0x8c8d1170edec715723d0884775e78d9b3c35e32e,769407012000000000,940000,22875894638,0,,0x,,387957,21000,11904948,0x,,0.769407012,received,0x8c8d1170edec715723d0884775e78d9b3c35e32e
331,4070156,1500959222,0xfd7ff975a05c9138d1f3ed45d105a0a9143d2deb39eb04c0bcf77c53a71aaf56,227,0xbceecc650560fd670aeaf787f21be8c308814a79338f58ee00264367b29e3c8b,30,0x8c8d1170edec715723d0884775e78d9b3c35e32e,0x42ba2619d342ad90c71829b3da4a3279ac95e39d,256400000000000000,25201,1000000000,0,,0x,,1118036,21000,11904754,0x,,0.2564,sent,0x8c8d1170edec715723d0884775e78d9b3c35e32e
332,4070417,1500964069,0xb26dbefff6fff1d00de6e057d6c441113dbe935f856ed55dda59c1f27cbb0d7d,228,0xf4a6f82fad36502eb438f9fa5770aa2f9098f54b9342ef44175365c129bb2f98,93,0x8c8d1170edec715723d0884775e78d9b3c35e32e,0x95677e6f180c2e1456fa9aafe87c52bc30a2b578,2000000000000000000,25201,1000000000,0,,0x,,3547257,21000,11904493,0x,,2,sent,0x8c8d1170edec715723d0884775e78d9b3c35e32e
333,4074413,1501037430,0xd348129db5d7d7f78919c9fa7cc696a8fd03b4adebbe996fa9a99b1fa35caef6,195,0x4a8a625abe214573edaafe214849ad82a32075069de26da6b5c7201a77e7cc89,9,0xbf23b68ff20c411be5658595612f873d785f12d7,0x8c8d1170edec715723d0884775e78d9b3c35e32e,632805545000000000,940000,25000000000,0,,0x,,536752,21000,11900497,0x,,0.632805545,received,0x8c8d1170edec715723d0884775e78d9b3c35e32e
334,4074535,1501039917,0x45e1d08f94405412087ed687d9060d76d742b4031f9274ffb116b9c19362438b,229,0x66957a6f888db93714069081f0a1c4992035f3066b079510a8e26c4821593d81,18,0x8c8d1170edec715723d0884775e78d9b3c35e32e,0x42ba2619d342ad90c71829b3da4a3279ac95e39d,210900000000000000,25201,1000000000,0,,0x,,399000,21000,11900375,0x,,0.2109,sent,0x8c8d1170edec715723d0884775e78d9b3c35e32e
335,4074541,1501040024,0xe234539b56b26dbe20c56fbedc2564663e1201c043d758d7c9d5c5c547ce0a11,230,0x817a98a4dbad946dfe8fa5000ed152c86b6b7b1e80a38c806acedd76b1b97b31,23,0x8c8d1170edec715723d0884775e78d9b3c35e32e,0x95677e6f180c2e1456fa9aafe87c52bc30a2b578,84300000000000000,25201,1000000000,0,,0x,,505966,21000,11900369,0x,,0.0843,sent,0x8c8d1170edec715723d0884775e78d9b3c35e32e
336,4074742,1501044106,0xa48406c31e8600dd550c1b5521648494f93fcd401e28ce578349a3b8cf349cc0,231,0xc08a4b02d6d953c4815d3a2786bcc59c4a5328ea54a6c1996b69330abc61b92d,100,0x8c8d1170edec715723d0884775e78d9b3c35e32e,0x40395044ac3c0c57051906da938b54bd6557f212,0,60000,1000000000,0,,0xa9059cbb000000000000000000000000dc30a9f894b1e556d0359f2d4491c8b173b9056500000000000000000000000000000000000000000000000000000019254d3800,,6627736,55585,11900168,0xa9059cbb,"transfer(address _to, uint256 _value)",0,sent,0x8c8d1170edec715723d0884775e78d9b3c35e32e
337,4075797,1501063952,0x481437d0a146d57a1084bf2f9707340a33633c605ebc705cd06bb7c48d3999c0,431,0xe1f7bbc98071f9570c1663610c338df64cec579823d43b379932a7048f033d2a,10,0xbf23b68ff20c411be5658595612f873d785f12d7,0x8c8d1170edec715723d0884775e78d9b3c35e32e,18984166000000000,940000,22416545867,0,,0x,,555202,21000,11899113,0x,,0.018984166,received,0x8c8d1170edec715723d0884775e78d9b3c35e32e
338,4079259,1501128563,0xf14f1619aa3a56236275b90e3adc80258462aaddd2ab35e5a04593941d80426f,450,0x67f2c5e11667c92ac6c1559ec5399675c874c57f1309bfd11ee6e61fc65326bd,33,0xbf23b68ff20c411be5658595612f873d785f12d7,0x8c8d1170edec715723d0884775e78d9b3c35e32e,882041862000000000,940000,20272024492,0,,0x,,974438,21000,11895651,0x,,0.882041862,received,0x8c8d1170edec715723d0884775e78d9b3c35e32e
339,4079331,1501129799,0xd96139228b68cbae3c5c4e377ef4c3a29763302432c6c2caa5e0cb191d9dc084,232,0x0709ca4f4653534b7d2266979319fc9390f3530a9dbfee764b927abef4e896f9,53,0x8c8d1170edec715723d0884775e78d9b3c35e32e,0x42ba2619d342ad90c71829b3da4a3279ac95e39d,294000000000000000,25201,1000000000,0,,0x,,2417301,21000,11895579,0x,,0.294,sent,0x8c8d1170edec715723d0884775e78d9b3c35e32e
340,4079349,1501130169,0xf1b3616249e9371c547c2c55f0dcaedf6ea5a953771ec9828b0795db753d210c,233,0x421032e5f57beedc069be8d286e2ee311cbe3f5e03c17146d025b78dfe02f079,35,0x8c8d1170edec715723d0884775e78d9b3c35e32e,0x95677e6f180c2e1456fa9aafe87c52bc30a2b578,117000000000000000,25201,1000000000,0,,0x,,2071565,21000,11895561,0x,,0.117,sent,0x8c8d1170edec715723d0884775e78d9b3c35e32e
341,4083628,1501209158,0xab91faf768c07657dfcac4301060cc3641ddeef6d4fcc3fa9e3023b1a48af9f9,640,0xb9420890edd8e640266ec0c1deafb998a629ea77df43799436aad114d22ee339,9,0xbf23b68ff20c411be5658595612f873d785f12d7,0x8c8d1170edec715723d0884775e78d9b3c35e32e,398224740000000000,940000,30000000000,0,,0x,,210000,21000,11891282,0x,,0.39822474,received,0x8c8d1170edec715723d0884775e78d9b3c35e32e
342,4084371,1501223189,0x7b6f04b51f050f5b23c5a6feb89280d5c687b46cea3a3aecf6b9293f187cec30,234,0x5d8fc67c31773a499d5ac9c45d77b8866d49dcdc1335a15c3d782c5ecbd33b37,0,0x8c8d1170edec715723d0884775e78d9b3c35e32e,0x42ba2619d342ad90c71829b3da4a3279ac95e39d,132700000000000000,25201,1000000000,0,,0x,,21000,21000,11890539,0x,,0.1327,sent,0x8c8d1170edec715723d0884775e78d9b3c35e32e
343,4084383,1501223319,0x1462b33a88bd7e4a64f896583b319a9522200d228b1578afa46be9e8c547818d,235,0x8e43c058dff4e11d236ad74b6a0a55a7604b0abc0a02ee28f2a341b279dea765,1,0x8c8d1170edec715723d0884775e78d9b3c35e32e,0x95677e6f180c2e1456fa9aafe87c52bc30a2b578,53000000000000000,25201,1000000000,0,,0x,,42000,21000,11890527,0x,,0.053,sent,0x8c8d1170edec715723d0884775e78d9b3c35e32e
344,4088319,1501296489,0xe70c0c97ee2648a8850c21debd4506467b9b1af86acd7cac4b04052c15cb9605,778,0x8f8b53e9dc10e1aaa8c87df56c538086645a0a694df102de484a620a4e93ae3a,59,0xbf23b68ff20c411be5658595612f873d785f12d7,0x8c8d1170edec715723d0884775e78d9b3c35e32e,843993466000000000,940000,20000000000,0,,0x,,3814309,21000,11886591,0x,,0.843993466,received,0x8c8d1170edec715723d0884775e78d9b3c35e32e
345,4089581,1501319483,0x8fb470a734296c15f285822b2d140def4c82efe58fef75d3cbc7493935afa268,236,0x109fd808c2cec6cc329b923706a3330eba89c49ff91cfa71002414f46b6bc650,11,0x8c8d1170edec715723d0884775e78d9b3c35e32e,0x42ba2619d342ad90c71829b3da4a3279ac95e39d,281000000000000000,25201,1000000000,0,,0x,,252000,21000,11885329,0x,,0.281,sent,0x8c8d1170edec715723d0884775e78d9b3c35e32e
346,4089837,1501324758,0x911b90789efd72f6ca3993fe3109e61f3853353cbd92f8c608c3d71bb4bfc43d,237,0x5b3a17de41d4e6b823f9996b6eed4fa97a7afc2d8ce7431d14ca5eceb64ff4b0,5,0x8c8d1170edec715723d0884775e78d9b3c35e32e,0x95677e6f180c2e1456fa9aafe87c52bc30a2b578,168800000000000000,25201,1000000000,0,,0x,,126000,21000,11885073,0x,,0.1688,sent,0x8c8d1170edec715723d0884775e78d9b3c35e32e
347,4093128,1501384883,0x60d53271c87848294bbfc352eea5dd52b26114b3dd73a9ba3bdab5909bbe1a52,995,0xaa38b5e3b956cb55c1ed3249d64af0afe1fd7e4d6f3e5edd807895a281fa7a10,11,0xbf23b68ff20c411be5658595612f873d785f12d7,0x8c8d1170edec715723d0884775e78d9b3c35e32e,833937202000000000,940000,22523808919,0,,0x,,890567,21000,11881782,0x,,0.833937202,received,0x8c8d1170edec715723d0884775e78d9b3c35e32e
348,4093323,1501388498,0x8f40b08e4bcd49ea98ee59b986396ea942595c0e91e2edcff92c98883a49451c,238,0xdd6bff1064522c29ca085bf5925d62abfe53a56b5441a4575c0ac44a792d2196,31,0x8c8d1170edec715723d0884775e78d9b3c35e32e,0x42ba2619d342ad90c71829b3da4a3279ac95e39d,277900000000000000,25201,1000000000,0,,0x,,1974210,21000,11881587,0x,,0.2779,sent,0x8c8d1170edec715723d0884775e78d9b3c35e32e
349,4093326,1501388547,0x7cb8024f3af43c31fcda42b851e9d094e27406a133b60d13c816040ff2660381,239,0xc307d712e5ab93d5f460e7b224902db74fe65263c526f15a09810722960ae403,10,0x8c8d1170edec715723d0884775e78d9b3c35e32e,0x95677e6f180c2e1456fa9aafe87c52bc30a2b578,111100000000000000,25201,1000000000,0,,0x,,231000,21000,11881584,0x,,0.1111,sent,0x8c8d1170edec715723d0884775e78d9b3c35e32e
350,4094473,1501409868,0x5cbf3c8e16922f26373bed1409ec36be99928c4796333c37b3dca24fd2d7b2a7,1114,0xc221ecd72196aee02c113dcdbe0d72b7559acad464c50d4f4732be3f5975106c,7,0xbf23b68ff20c411be5658595612f873d785f12d7,0x8c8d1170edec715723d0884775e78d9b3c35e32e,240124173000000000,940000,21000000000,0,,0x,,1148552,21000,11880437,0x,,0.240124173,received,0x8c8d1170edec715723d0884775e78d9b3c35e32e
351,4097854,1501471899,0xbbad35aaed0ae98e34c6ce7dcc1af0a1089ef5af3b0c8c6abb705979daa84582,1205,0xb3657942f33a09a70b9cb95d213e54967e86525099bfb4821bd4cdcc76021ec7,26,0xbf23b68ff20c411be5658595612f873d785f12d7,0x8c8d1170edec715723d0884775e78d9b3c35e32e,592120551000000000,940000,21153419747,0,,0x,,684619,21000,11877056,0x,,0.592120551,received,0x8c8d1170edec715723d0884775e78d9b3c35e32e
352,4097879,1501472441,0x76b3397c8e1a7d81f4ab95a28b8af898642f1b0f8c365c026ec7db84bc58c9f9,240,0x982c0c5bed89ce14957dd603178c4ee0f5d177ac707f012550f8a1d206e7433c,0,0x8c8d1170edec715723d0884775e78d9b3c35e32e,0x42ba2619d342ad90c71829b3da4a3279ac95e39d,277400000000000000,25201,1000000000,0,,0x,,21000,21000,11877031,0x,,0.2774,sent,0x8c8d1170edec715723d0884775e78d9b3c35e32e
353,4097884,1501472561,0x014d2360a0f86badccead20ccf2a650fa8a275437e12dd7ba8300642583fc0ed,241,0xdb25117baf6cc01088470a98a1d2dea5791a75c8beb4fbba0491336dd7be7578,8,0x8c8d1170edec715723d0884775e78d9b3c35e32e,0x95677e6f180c2e1456fa9aafe87c52bc30a2b578,110900000000000000,25201,1000000000,0,,0x,,192000,21000,11877026,0x,,0.1109,sent,0x8c8d1170edec715723d0884775e78d9b3c35e32e
354,4102260,1501557976,0x776ccc85ecc6246137a007c8bba3572438f70036609efef2820636ad9d591c47,1431,0x59eacf86c22f0efb76b69a19512f899af9eaef3b8c485a9ac9e55adff07521d0,78,0xbf23b68ff20c411be5658595612f873d785f12d7,0x8c8d1170edec715723d0884775e78d9b3c35e32e,759761937000000000,940000,21841126789,0,,0x,,2452107,21000,11872650,0x,,0.759761937,received,0x8c8d1170edec715723d0884775e78d9b3c35e32e
355,4102273,1501558257,0x426ee4e5d9b6c5f022147a4136e32bb4827a3e08530d310793369b7e767d843e,242,0xba2bf180c465e96f90e881b306284a958e2646074ec66ccc8db7e003e3e1dab0,82,0x8c8d1170edec715723d0884775e78d9b3c35e32e,0x42ba2619d342ad90c71829b3da4a3279ac95e39d,252900000000000000,25201,1000000000,0,,0x,,5795716,21000,11872637,0x,,0.2529,sent,0x8c8d1170edec715723d0884775e78d9b3c35e32e
356,4102285,1501558579,0x5489a2bfe2feb58c98b1b74bd4e7dc5e02d815ab4ff7a77711d19aead7e6120e,243,0x1413f8fc5b72e2a1b4b2efc8b77189d9f2d4c6094a7af4d34d2a83956b148fb6,46,0x8c8d1170edec715723d0884775e78d9b3c35e32e,0x95677e6f180c2e1456fa9aafe87c52bc30a2b578,101100000000000000,25201,2562500000,0,,0x,,2558517,21000,11872625,0x,,0.1011,sent,0x8c8d1170edec715723d0884775e78d9b3c35e32e
357,4103767,1501589824,0x76e32bef11a6385842dfd14cf50026ccf2f4260a00a96fff27a6ffb6b1649678,244,0x90bc7dfadc7bd984146de2e5f5be5da884007c263782136f941d89f2e12811de,37,0x8c8d1170edec715723d0884775e78d9b3c35e32e,0xd6a81d7a8b4d1cc947138d9e4aca5d3cde33a170,1000000000000000000,55055,42000000000,0,,0xb4427263,,1175739,49947,11871143,0xb4427263,createTokens(),1,sent,0x8c8d1170edec715723d0884775e78d9b3c35e32e
358,4104213,1501598892,0x1c592d1293cdc0b8fccfe7e06377a4a41848b87a3b315801941503ccd1d25868,245,0xe850bd80a1a4ceaccc34800a1fa9ff36eb82c91fbcbe92a8e4fe09b2d7e00579,26,0x8c8d1170edec715723d0884775e78d9b3c35e32e,0xef68e7c694f40c8202821edf525de3782458639f,5000000000000000000,90000,21000000000,0,,0x696d746f6b656e,,1224250,71120,11870697,0x696d746f,,5,sent,0x8c8d1170edec715723d0884775e78d9b3c35e32e
359,4106397,1501645698,0x7fe9b602651a8e740901bc4f030119b9b8ae77120afcb8985dcca27f8f4ab45b,1612,0x4629c26d41225fc2bc702961b8adff5a90e04f01894fff2c8eba7a0f52ed54c9,27,0xbf23b68ff20c411be5658595612f873d785f12d7,0x8c8d1170edec715723d0884775e78d9b3c35e32e,692449061000000000,940000,22667583079,0,,0x,,1039871,21000,11868513,0x,,0.692449061,received,0x8c8d1170edec715723d0884775e78d9b3c35e32e
360,4106480,1501647584,0x6293e905fe17227a32d67a9952a241cd7e0362c65e55b58644c69162340e558d,246,0x3ac7c9bd129f7e314122ecd6696f131d5891d4d3a916de42dd28f10d9a361097,23,0x8c8d1170edec715723d0884775e78d9b3c35e32e,0x95677e6f180c2e1456fa9aafe87c52bc30a2b578,92320000000000000,25201,1000000000,0,,0x,,2558287,21000,11868430,0x,,0.09232,sent,0x8c8d1170edec715723d0884775e78d9b3c35e32e
361,4106599,1501650160,0x472944278235ab0d578f6fe5ec1e618c5fbe80d1f2caafe158eda03a02ecd48e,247,0x4e7a7bc69819aba5e740dc52998460d3500f9c1a293a79b987d52f9c2c8516fe,75,0x8c8d1170edec715723d0884775e78d9b3c35e32e,0x42ba2619d342ad90c71829b3da4a3279ac95e39d,230800000000000000,25201,1000000000,0,,0x,,2683824,21000,11868311,0x,,0.2308,sent,0x8c8d1170edec715723d0884775e78d9b3c35e32e
362,4110296,1501728891,0x3b57a3ee4c86691c051eb921099f2ecee7b88ae5803a3a41e48c178e05d1abec,1711,0xed63806b2181cfa9fdd49955707891188c4547043a3a0f55f5e2936fdca2f646,30,0xbf23b68ff20c411be5658595612f873d785f12d7,0x8c8d1170edec715723d0884775e78d9b3c35e32e,574648672000000000,940000,21237703005,0,,0x,,1465571,21000,11864614,0x,,0.574648672,received,0x8c8d1170edec715723d0884775e78d9b3c35e32e
363,4111301,1501752127,0xe0a0de11d9c6ad9f8d8b1e6887e4d010876c3669a95a01848f89fae0d293308a,248,0x62ac9f1e96645ee0ffc06b92e6c5b5049b8e42196ef0c8bd23b94606ff474394,62,0x8c8d1170edec715723d0884775e78d9b3c35e32e,0x42ba2619d342ad90c71829b3da4a3279ac95e39d,191500000000000000,25201,1000000000,0,,0x,,3556665,21000,11863609,0x,,0.1915,sent,0x8c8d1170edec715723d0884775e78d9b3c35e32e
364,4111304,1501752301,0xc25658a483b8f760cdc8af0a405b397866320f2ca1df2c51ff2d4097053f35a7,249,0x8b356efceebc6a952b9b6758e204c163abf8b056f72c9e5a1a13ca76af704927,42,0x8c8d1170edec715723d0884775e78d9b3c35e32e,0x95677e6f180c2e1456fa9aafe87c52bc30a2b578,76600000000000000,25201,1000000000,0,,0x,,4334496,21000,11863606,0x,,0.0766,sent,0x8c8d1170edec715723d0884775e78d9b3c35e32e
365,4114175,1501812743,0xa80ef8046bc25a5b0cdc320806a4dc7d1fa9b3c6a78ad14760ab00a0739b030e,250,0x82964afff0f8b0f06305e361153764250371d05a15621255ef978a5979af795e,43,0x8c8d1170edec715723d0884775e78d9b3c35e32e,0x95677e6f180c2e1456fa9aafe87c52bc30a2b578,100000000000000000,25201,1000000000,0,,0x,,3512483,21000,11860735,0x,,0.1,sent,0x8c8d1170edec715723d0884775e78d9b3c35e32e
366,4114267,1501814711,0xb13bbe42c45a647518ec4d31f7036e9f0bd2abb36786669f7fc093dd13672208,1880,0xcf803fb75872b734d1ccc7103b09cda19c945530d746298a052a87354ed3aa24,0,0xbf23b68ff20c411be5658595612f873d785f12d7,0x8c8d1170edec715723d0884775e78d9b3c35e32e,649685574000000000,940000,20000000000,0,,0x,,21000,21000,11860643,0x,,0.649685574,received,0x8c8d1170edec715723d0884775e78d9b3c35e32e
367,4114382,1501817063,0xe744066667deba713d242226255c839513092d409677879bbb53fadf3595b0cf,251,0xf81662a0fa778a8e5cc7052ea4b1052500812125e549f1585a0d87e58b7395b4,8,0x8c8d1170edec715723d0884775e78d9b3c35e32e,0x42ba2619d342ad90c71829b3da4a3279ac95e39d,216500000000000000,25201,1000000000,0,,0x,,189000,21000,11860528,0x,,0.2165,sent,0x8c8d1170edec715723d0884775e78d9b3c35e32e
368,4115177,1501834722,0x6088c5939e0bd7e6be3c1f7d93d2eaa6745b2bff117b70903275702ad077aca2,252,0x78f59d3310818ad019cd578dcb4f535a3ec04e3914b000bf1a19fbc0d0b907d0,16,0x8c8d1170edec715723d0884775e78d9b3c35e32e,0xb97048628db6b661d4c2aa833e95dbe1a905b280,0,96000,1000000000,0,,0xa9059cbb000000000000000000000000b0497ac6aaf4eb77351dd01a85b82d9fd7ce2f0e00000000000000000000000000000000000000000000003635c9adc5dea00000,,2358186,52065,11859733,0xa9059cbb,"transfer(address _to, uint256 _value)",0,sent,0x8c8d1170edec715723d0884775e78d9b3c35e32e
369,4118240,1501899338,0xa711f1a635f0a1297515a8cd5142a724774aaa087c6388e0ccacd0711346b51d,1985,0xc2388c48cf40d0161d685276e708234ce86140e26461e05b2e526d7bb19aafdf,60,0xbf23b68ff20c411be5658595612f873d785f12d7,0x8c8d1170edec715723d0884775e78d9b3c35e32e,660335922000000000,940000,21000000000,0,,0x,,2455452,21000,11856670,0x,,0.660335922,received,0x8c8d1170edec715723d0884775e78d9b3c35e32e
370,4118384,1501902565,0x9b87516ec97b9bac4ac24aefd4e9a05b0da2ed94e894d3914e446b84dce02936,253,0xf757331eada8858ebf10bf884ddc5ee986f0abcbd51d140ebb402def298aa584,109,0x8c8d1170edec715723d0884775e78d9b3c35e32e,0x42ba2619d342ad90c71829b3da4a3279ac95e39d,220000000000000000,25201,1000000000,0,,0x,,6528875,21000,11856526,0x,,0.22,sent,0x8c8d1170edec715723d0884775e78d9b3c35e32e
371,4118412,1501903417,0xfea30dc90b5be9c9e8906f1464eb7fbbad53c58451e491bc1e21fd08096237b2,254,0x606041fe35e59d3b1445afa18b2b063275fde44d55a12011af31dcd0f2d83454,50,0x8c8d1170edec715723d0884775e78d9b3c35e32e,0x95677e6f180c2e1456fa9aafe87c52bc30a2b578,176000000000000000,25201,1000000000,0,,0x,,3043244,21000,11856498,0x,,0.176,sent,0x8c8d1170edec715723d0884775e78d9b3c35e32e
372,4122252,1501986000,0xaee385a46c2df44c20839e7d100d512f3ab607ea85d80ee31ac5355ad8e0e329,2156,0x4b457b1a159b824bff1dbc54795ae2ebf196b48df25e28e8ca87b831b39e3a60,23,0xbf23b68ff20c411be5658595612f873d785f12d7,0x8c8d1170edec715723d0884775e78d9b3c35e32e,696531289000000000,940000,21000000000,0,,0x,,951322,21000,11852658,0x,,0.696531289,received,0x8c8d1170edec715723d0884775e78d9b3c35e32e
373,4122349,1501988109,0x8f8617a357e2e77af0691e36fea97bd221015f6f31871b98d95fea2071106fc3,255,0xf58193b6d6dca9bd5c12813ecc2fa7ba006ee44ce9dc6a8ee0e48d392af11cba,27,0x8c8d1170edec715723d0884775e78d9b3c35e32e,0x95677e6f180c2e1456fa9aafe87c52bc30a2b578,185700000000000000,25201,4125000000,0,,0x,,752456,21000,11852561,0x,,0.1857,sent,0x8c8d1170edec715723d0884775e78d9b3c35e32e
374,4122352,1501988184,0x29ebe2869d7dc9e87998f8f1d8600a239f94c26e6f17e81d272fef0d250ced1e,256,0xf3b1d4b92312e9f36220656942ea9d8514f1906c4f20c4939f6e45114246bc60,61,0x8c8d1170edec715723d0884775e78d9b3c35e32e,0x42ba2619d342ad90c71829b3da4a3279ac95e39d,232000000000000000,25201,1781250000,0,,0x,,3146630,21000,11852558,0x,,0.232,sent,0x8c8d1170edec715723d0884775e78d9b3c35e32e
375,4124277,1502028768,0x0c2445c0db15837f0c34f33e19c5fe83980489f487d59d4d9985e09c2ff40ad7,257,0xb46e192fc6a4cffe8443174309b4887f3cff075e683e08363e5ff5cb4183ea43,40,0x8c8d1170edec715723d0884775e78d9b3c35e32e,0xb97048628db6b661d4c2aa833e95dbe1a905b280,0,96000,1000000000,0,,0xa9059cbb0000000000000000000000007151053d79df1979f91ffd145a6ff284ef15e3c80000000000000000000000000000000000000000000000159a1aa9bb0e4f0000,,1685362,37065,11850633,0xa9059cbb,"transfer(address _to, uint256 _value)",0,sent,0x8c8d1170edec715723d0884775e78d9b3c35e32e
376,4126554,1502077765,0x2ef56f3494eef74ef8032c830618091579e5bd4d7098ea57f0c5f4eece499605,2428,0x9284d5312058bcba31210c1da64b4ad96e395f0e4f88ea4a568c8fcec18c57d9,19,0xbf23b68ff20c411be5658595612f873d785f12d7,0x8c8d1170edec715723d0884775e78d9b3c35e32e,733514725000000000,940000,21000000000,0,,0x,,508834,21000,11848356,0x,,0.733514725,received,0x8c8d1170edec715723d0884775e78d9b3c35e32e
377,4126741,1502081609,0x2b1362a0c241aa3ea664674d8140943f4bcc5326a5e9b1570c8aea7270c41646,258,0x8a1c415428f4ba389f67cf125cae3414566eef3fd78028962ac900efc5f24ea9,25,0x8c8d1170edec715723d0884775e78d9b3c35e32e,0x42ba2619d342ad90c71829b3da4a3279ac95e39d,244500000000000000,25201,1000000000,0,,0x,,1824525,21000,11848169,0x,,0.2445,sent,0x8c8d1170edec715723d0884775e78d9b3c35e32e
378,4126835,1502083458,0x0b3f9aba5271b0b63456dcd61ea39f20b5128179f570336128305526ae36726c,259,0x9c321e5e7075e8df1e188e7ff5406595040fc0612066c5cda85091f653551159,2,0x8c8d1170edec715723d0884775e78d9b3c35e32e,0x95677e6f180c2e1456fa9aafe87c52bc30a2b578,195600000000000000,25201,2562500000,0,,0x,,63000,21000,11848075,0x,,0.1956,sent,0x8c8d1170edec715723d0884775e78d9b3c35e32e
379,4130745,1502166749,0x99c439f93ea95b6408a250380d3f99c4b09282c5ad31aa836aab6849ae9780fe,2629,0xdc00ac02343ac4d470ce9310f96f56843655db757fb35c45af61793f63c79d73,26,0xbf23b68ff20c411be5658595612f873d785f12d7,0x8c8d1170edec715723d0884775e78d9b3c35e32e,641656183000000000,940000,21789750357,0,,0x,,853555,21000,11844165,0x,,0.641656183,received,0x8c8d1170edec715723d0884775e78d9b3c35e32e
380,4130757,1502166896,0xd0c8de924786d5aaa371bcad90cf58380782d725b542e76d64b5d511d1810683,260,0xf6a5daba44cd6ff17ecc26dfcba3ffc97318303c5a13266bcb6a646c9fea6da7,22,0x8c8d1170edec715723d0884775e78d9b3c35e32e,0x42ba2619d342ad90c71829b3da4a3279ac95e39d,213300000000000000,25201,4000000000,0,,0x,,483000,21000,11844153,0x,,0.2133,sent,0x8c8d1170edec715723d0884775e78d9b3c35e32e
381,4130764,1502167056,0x52aa25a0b0e28f1e83b4030b8da218d291db64a57e6dd436f85634bb5601af50,261,0xb514fb4007382669534896d162ed30b3098f331ab9618a650ea0a033ed551ee8,290,0x8c8d1170edec715723d0884775e78d9b3c35e32e,0x95677e6f180c2e1456fa9aafe87c52bc30a2b578,170600000000000000,25201,1000000000,0,,0x,,6698150,21000,11844146,0x,,0.1706,sent,0x8c8d1170edec715723d0884775e78d9b3c35e32e
382,4134652,1502248779,0x3029bb3df7130e3413e3837228908773bc4588041c4e48de9ecd1ea8365b5e03,2725,0xb6071fee7b789871e86038f14e9f6fcfc37e3fc9886c4fbed03efdb6722dda91,56,0xbf23b68ff20c411be5658595612f873d785f12d7,0x8c8d1170edec715723d0884775e78d9b3c35e32e,635632167000000000,940000,21000000000,0,,0x,,1657768,21000,11840258,0x,,0.635632167,received,0x8c8d1170edec715723d0884775e78d9b3c35e32e
383,4134822,1502252489,0x4180732e7ccc3d76c92a3ee3de3c7348c8e72b46a436373238af86af3e83344d,262,0x8838148ff02d55f353ebc37c9a02df95558f8e7a5119317f71dd0fdf30e82f48,89,0x8c8d1170edec715723d0884775e78d9b3c35e32e,0x42ba2619d342ad90c71829b3da4a3279ac95e39d,211800000000000000,25201,1000000000,0,,0x,,2444047,21000,11840088,0x,,0.2118,sent,0x8c8d1170edec715723d0884775e78d9b3c35e32e
384,4134838,1502252774,0x93ab3157a07fa5efe05b1bd15424da23499f45805ff77bbac9580e9002a05f4c,263,0xdb18b4dbc693a7782d5eb71976fc0808aab1e6db57da89457ba57a6043a0e195,204,0x8c8d1170edec715723d0884775e78d9b3c35e32e,0x95677e6f180c2e1456fa9aafe87c52bc30a2b578,169400000000000000,25201,1000000000,0,,0x,,4306788,21000,11840072,0x,,0.1694,sent,0x8c8d1170edec715723d0884775e78d9b3c35e32e
385,4138853,1502337195,0x1a365fc779d7cf175ec506438d47dfab70a736dc3b4c46690467af64f0ad88d5,2937,0x6f49db5096faf3b07cae4566b73ac423f2d279dea5cdb3b58badde03f22dc54d,4,0xbf23b68ff20c411be5658595612f873d785f12d7,0x8c8d1170edec715723d0884775e78d9b3c35e32e,673098466000000000,940000,24307875912,0,,0x,,146139,21000,11836057,0x,,0.673098466,received,0x8c8d1170edec715723d0884775e78d9b3c35e32e
386,4139548,1502352353,0xa93dcafd47d72dc30a9719f2cf487842781a9cd056217ae225bfb56a3b78a61f,264,0x3e9b10fbb28e2380dcbfcc59234b513542816f3a02823038329ad097f4f3729c,65,0x8c8d1170edec715723d0884775e78d9b3c35e32e,0x95677e6f180c2e1456fa9aafe87c52bc30a2b578,179300000000000000,25201,1000000000,0,,0x,,3011405,21000,11835362,0x,,0.1793,sent,0x8c8d1170edec715723d0884775e78d9b3c35e32e
387,4139551,1502352383,0xd3a2d506cd8ec2d6efada2156e5f0bb40e10c109a80439ec067d0070c3f20936,265,0xfe4325b7b925cb4e67090c036d668bf3bfab306017653a4b641c22561af5046a,44,0x8c8d1170edec715723d0884775e78d9b3c35e32e,0x42ba2619d342ad90c71829b3da4a3279ac95e39d,224200000000000000,25201,1000000000,0,,0x,,2085300,21000,11835359,0x,,0.2242,sent,0x8c8d1170edec715723d0884775e78d9b3c35e32e
388,4140725,1502377286,0x4bff746f336e5dd92836c7340d5dadb4cfeda4ef4f7d961860511d32f7c48d97,266,0xf51112b6de9815738d61952f0e97c9ad05e272121b2f8b5e7b2460f0f1f2598d,22,0x8c8d1170edec715723d0884775e78d9b3c35e32e,0xef68e7c694f40c8202821edf525de3782458639f,3000000000000000000,90000,21000000000,0,,0x696d746f6b656e,,933133,56170,11834185,0x696d746f,,3,sent,0x8c8d1170edec715723d0884775e78d9b3c35e32e
389,4143347,1502433505,0xf0e840258c3bcdcce5b268994b0e4e3a9453251eb2b5aff6e1021da7a800bd36,3039,0x327234c917a3182bf930007bef03c45729acdfdc452a5e85fcf68950c84f6348,55,0xbf23b68ff20c411be5658595612f873d785f12d7,0x8c8d1170edec715723d0884775e78d9b3c35e32e,750312362000000000,940000,22612649186,0,,0x,,1612465,21000,11831563,0x,,0.750312362,received,0x8c8d1170edec715723d0884775e78d9b3c35e32e
390,4143571,1502438254,0x5e2665341327a434d04add086fbdd8c1504b6e4ec7d2e7be3d8a750a9d141334,267,0xd15fe99631c9fc566bba96093a23f96c5cf92c57bbea7078fb4b2c1d30fa6466,16,0x8c8d1170edec715723d0884775e78d9b3c35e32e,0x42ba2619d342ad90c71829b3da4a3279ac95e39d,225000000000000000,25201,1000000000,0,,0x,,357000,21000,11831339,0x,,0.225,sent,0x8c8d1170edec715723d0884775e78d9b3c35e32e
391,4143580,1502438388,0xda6b9357f14e8a5886f37d610fa075276b79b3962c85007f3d193f230837c0f1,268,0xd52d274036c3eaef35c7e67e334b113a9f7b68f0125fddab126b838c358a251d,16,0x8c8d1170edec715723d0884775e78d9b3c35e32e,0x95677e6f180c2e1456fa9aafe87c52bc30a2b578,200000000000000000,25201,1781250000,0,,0x,,360022,21000,11831330,0x,,0.2,sent,0x8c8d1170edec715723d0884775e78d9b3c35e32e
392,4144701,1502461656,0xb8cbf00c4ce1afbee44e8cd3f965fd4e9efc7f7b1f068b090c6131572b42bad0,135659,0x3590d83778ce5611bb41c3cfb781eefd9d1fd2683d8e76e1af9aaedbabf1d01f,72,0x69ea6b31ef305d6b99bb2d4c9d99456fa108b02a,0x8c8d1170edec715723d0884775e78d9b3c35e32e,8570350000000000000,90000,21000000000,0,,0x,,2364760,21000,11830209,0x,,8.57035,received,0x8c8d1170edec715723d0884775e78d9b3c35e32e
393,4144711,1502461873,0x5be78d04af7b67ebd8124a16d204be8d7569e6ee6ef564967258c9a96429be62,269,0x04dcf7eea23955361f9d69532967367737e2f662a1ace18c0e7cdc4923bcc9a8,39,0x8c8d1170edec715723d0884775e78d9b3c35e32e,0xef68e7c694f40c8202821edf525de3782458639f,9300000000000000000,90000,21000000000,0,,0x696d746f6b656e,,4100921,56170,11830199,0x696d746f,,9.3,sent,0x8c8d1170edec715723d0884775e78d9b3c35e32e
394,4146747,1502504960,0xf0eb1eb1dc6ccaaf8aa6234e10833835b460bc47d660351215047598520f2eaf,3189,0xd2daea9b39fa27f27d03ca6c14716afc4d161b2802cc321edfbfac7a52d3cc74,57,0xbf23b68ff20c411be5658595612f873d785f12d7,0x8c8d1170edec715723d0884775e78d9b3c35e32e,553168457000000000,940000,21000000000,0,,0x,,3397975,21000,11828163,0x,,0.553168457,received,0x8c8d1170edec715723d0884775e78d9b3c35e32e
395,4146853,1502507138,0xfc433d384d2c450bbceb9c17b6446d4b47b296cddf7918115dce4b7cb84d87d5,270,0x88ec737c2d19fc3c02a2d9606118124ed77bff43798590bc7b0739a7cf777b8b,58,0x8c8d1170edec715723d0884775e78d9b3c35e32e,0xb64ef51c888972c908cfacf59b47c1afbc0ab8ac,0,60000,7250000000,0,,0xa9059cbb00000000000000000000000073d14632518a6c0f2840a7a971eedb02d636c0a000000000000000000000000000000000000000000000000000000013be795000,,1382705,51752,11828057,0xa9059cbb,"transfer(address _to, uint256 _value)",0,sent,0x8c8d1170edec715723d0884775e78d9b3c35e32e
396,4147338,1502517658,0xf2bc634b6b278c6043e361ceb91abb851663fcfea598db043b83a87d930b9ad7,271,0x16e6b1aa76315707aa36e0ef008261312ce5f3c991b8c97a48975404cd316f68,12,0x8c8d1170edec715723d0884775e78d9b3c35e32e,0x42ba2619d342ad90c71829b3da4a3279ac95e39d,209400000000000000,25201,1000000000,0,,0x,,275064,21000,11827572,0x,,0.2094,sent,0x8c8d1170edec715723d0884775e78d9b3c35e32e
397,4147425,1502519434,0x9535d4799a20c593bfdc9cc5cda061caeb816395edc889bc176c101e0d414013,272,0x3d1ba857c138aab0d9cefa689e836f93207e63b84ac73dcead25708df09c12e5,90,0x8c8d1170edec715723d0884775e78d9b3c35e32e,0x95677e6f180c2e1456fa9aafe87c52bc30a2b578,147500000000000000,25201,1000000000,0,,0x,,4317774,21000,11827485,0x,,0.1475,sent,0x8c8d1170edec715723d0884775e78d9b3c35e32e
398,4150950,1502593122,0xe5e32f73c97617f6d99a076834a7af442aa0e878f0acc59f5394f962043950e5,3389,0x055732c2712f676ac0d18660f21396725d03f6a61f8682b57a2a95e2d8c80b58,171,0xbf23b68ff20c411be5658595612f873d785f12d7,0x8c8d1170edec715723d0884775e78d9b3c35e32e,631996939000000000,940000,22488931297,0,,0x,,4277618,21000,11823960,0x,,0.631996939,received,0x8c8d1170edec715723d0884775e78d9b3c35e32e
399,4151453,1502603293,0xdd8efddf145f45ca9a9ace2a046de3009329d9e4bdbb3082ab7dd605c5a92011,273,0x26b111bf220d8c73e008bad750c83f046483a65120fe2e349b9703c3b9e2ccc0,22,0x8c8d1170edec715723d0884775e78d9b3c35e32e,0x42ba2619d342ad90c71829b3da4a3279ac95e39d,210600000000000000,25201,1000000000,0,,0x,,483000,21000,11823457,0x,,0.2106,sent,0x8c8d1170edec715723d0884775e78d9b3c35e32e
400,4151482,1502603813,0x4541da5849741f1bf6866a8dbead7bdad60ccac8736826ab8b75918dbf043ae4,274,0x645fda956a4af4a4f9d9a3aea44cb01b40f025cf58149e59d6e84998a65b3acf,7,0x8c8d1170edec715723d0884775e78d9b3c35e32e,0x95677e6f180c2e1456fa9aafe87c52bc30a2b578,168500000000000000,25201,1000000000,0,,0x,,264655,21000,11823428,0x,,0.1685,sent,0x8c8d1170edec715723d0884775e78d9b3c35e32e
401,4155080,1502679617,0x477115f5fe54e926fb8c37c9f536f9494a182d122052fddc283e48321bf86184,3542,0xaa25b824e8334a0b53dbc523630ba89c2a7e27eac685eed464866909dbbf949f,19,0xbf23b68ff20c411be5658595612f873d785f12d7,0x8c8d1170edec715723d0884775e78d9b3c35e32e,622249271000000000,940000,21000000000,0,,0x,,714210,21000,11819830,0x,,0.622249271,received,0x8c8d1170edec715723d0884775e78d9b3c35e32e
402,4156249,1502703716,0xd4ee1c03abedf905894fc5a489951af2b87fc355c335be97e93fb5562e108e41,157562,0x9c1a182daefe339f2504d6c73ac496c12cf199074d598848b76de53b445195cd,82,0x69ea6b31ef305d6b99bb2d4c9d99456fa108b02a,0x8c8d1170edec715723d0884775e78d9b3c35e32e,6350000000000000000,90000,21000000000,0,,0x,,2337112,21000,11818661,0x,,6.35,received,0x8c8d1170edec715723d0884775e78d9b3c35e32e
403,4156292,1502704499,0xd6879719342d3936693634bdb7c03344952094059219c3d97698540d261e1c4b,275,0x1a98733790e2131e02f98c7e85ff1118975fd720c5c2db4272891a64def8afcf,14,0x8c8d1170edec715723d0884775e78d9b3c35e32e,0xb96d762978c528151c648b0c55c7c748c1409b04,7400000000000000000,25201,1000000000,0,,0x,,315004,21000,11818618,0x,,7.4,sent,0x8c8d1170edec715723d0884775e78d9b3c35e32e
404,4156308,1502704766,0x54c9d990503cc970f2e784bfbdbddeb3d98712000012574c1686bdd2cd159f1a,276,0xa437938ea60598123c1788134a5eb8cd9954609ab3bc8286a90b28544b5ac944,58,0x8c8d1170edec715723d0884775e78d9b3c35e32e,0xef68e7c694f40c8202821edf525de3782458639f,0,60000,1000000000,0,,0xa9059cbb0000000000000000000000006ed729fc1cd9cf5303c40e495747eb03b78c5fc20000000000000000000000000000000000000000000000a80d24677efef00000,,3287547,51851,11818602,0xa9059cbb,"transfer(address _to, uint256 _value)",0,sent,0x8c8d1170edec715723d0884775e78d9b3c35e32e
405,4157261,1502725000,0x90fd0121b45f332a44f17e413faed8da19ef28c3a2b49ccc2d07c00717661edc,254,0x6fed5ed66c3b993cf950391720cb95c593e3b0542cba13a610fb7c9097c993ae,142,0x473f1d5ebb5152a9f26f799c538c2a08de515116,0x8c8d1170edec715723d0884775e78d9b3c35e32e,4664000000000000000,300000,23303809555,0,,0x,,4181756,21000,11817649,0x,,4.664,received,0x8c8d1170edec715723d0884775e78d9b3c35e32e
406,4158736,1502755719,0x660990174dcd1dbf384fdb4d80dbfb7735a368adf1b85b5213fb40100120f1f9,277,0xb7b4c678eb05cce996b6e9a30f1c1bcd9191a994427afeb45986df34382624f5,30,0x8c8d1170edec715723d0884775e78d9b3c35e32e,0xef68e7c694f40c8202821edf525de3782458639f,4000000000000000000,90000,21000000000,0,,0x696d746f6b656e,,1119925,56170,11816174,0x696d746f,,4,sent,0x8c8d1170edec715723d0884775e78d9b3c35e32e
407,4159163,1502763863,0x8e4e828e222f7453becfe4bcc4089492ddd88e6b43cd931d90c4f5c9f99c84f4,3706,0x8231c37e10085c54e79fefd371506348a3c2ee226caf4138950287546af3e2ad,99,0xbf23b68ff20c411be5658595612f873d785f12d7,0x8c8d1170edec715723d0884775e78d9b3c35e32e,451971634000000000,940000,21000000000,0,,0x,,2482969,21000,11815747,0x,,0.451971634,received,0x8c8d1170edec715723d0884775e78d9b3c35e32e
408,4159306,1502766921,0x6a05bef522d56e5c2ec0679d2da36570275c75932501d19efa272be87a860130,278,0x8d95008a10ce5b581504f459ddf39a04a3c531c427c0365d171d8884e0d322ca,59,0x8c8d1170edec715723d0884775e78d9b3c35e32e,0x42ba2619d342ad90c71829b3da4a3279ac95e39d,358000000000000000,25201,1000000000,0,,0x,,3802663,21000,11815604,0x,,0.358,sent,0x8c8d1170edec715723d0884775e78d9b3c35e32e
409,4160329,1502788728,0x4e51fc5b5783282e62a5eb4d52a422f7c024e350c40bdc6ec0a8bf25c9d1c980,279,0xb7ca3b1c0af3ac68ff8a91ec0e3dc1c1a7a989a99b006f945c956091843dd6f1,66,0x8c8d1170edec715723d0884775e78d9b3c35e32e,0x95677e6f180c2e1456fa9aafe87c52bc30a2b578,286000000000000000,25201,1000000000,0,,0x,,2065054,21000,11814581,0x,,0.286,sent,0x8c8d1170edec715723d0884775e78d9b3c35e32e
410,4160604,1502795238,0x35816ebc68c96ce91054dc3c882f2da6a916c0c677a9c3044ac577de4f61b963,280,0xf4bad5407838dd9e89f58e84a5c1148c56dfaed15882c694e8419b76aa3c717f,23,0x8c8d1170edec715723d0884775e78d9b3c35e32e,0xa31dc1b928bab6c2b080397b153bfd344095f997,300000000000000000,25201,25218750000,0,,0x,,592934,21000,11814306,0x,,0.3,sent,0x8c8d1170edec715723d0884775e78d9b3c35e32e
411,4160856,1502799920,0x8b423056f8281f3166195c419063b81c6b3586afc244c303fd5844b21e456dc6,281,0xc422ec65f290ede5143be7a110ed711f5afa1570952ceb5491db18ec46a542b6,25,0x8c8d1170edec715723d0884775e78d9b3c35e32e,0x1ab75b9e51c5cacbb08c3520417be2184af90cc8,250000000000000000,25201,1000000000,0,,0x,,1588787,21000,11814054,0x,,0.25,sent,0x8c8d1170edec715723d0884775e78d9b3c35e32e
412,4163185,1502849250,0x4b97b52b97e6b3b9000e1fb012de46911f1c4023c56003be1db74007797acdda,3862,0x8fbbd7b4639abc28297ef04f3470d5707b705bc27248ccfee8d87bcfd73035a3,84,0xbf23b68ff20c411be5658595612f873d785f12d7,0x8c8d1170edec715723d0884775e78d9b3c35e32e,627106702000000000,940000,21000000000,0,,0x,,3462389,21000,11811725,0x,,0.627106702,received,0x8c8d1170edec715723d0884775e78d9b3c35e32e
413,4164662,1502879211,0x64e254b0fc68913f24798a842c7bceff7e25fbb4012f569c8e572b6d93c3058a,282,0x9834cabfa760a19692641b401b3858efc23f15c4b9d7f5555bd7809daf24e621,166,0x8c8d1170edec715723d0884775e78d9b3c35e32e,0x42ba2619d342ad90c71829b3da4a3279ac95e39d,209000000000000000,25201,1000000000,0,,0x,,3657041,21000,11810248,0x,,0.209,sent,0x8c8d1170edec715723d0884775e78d9b3c35e32e
414,4164669,1502879467,0x4fa0fd6cdba1e77d20ca15708d4c22713fc48a533494b942a1279d9e40bc060c,283,0x886f02e40cebcf6c4edcb613bf0d07b9704c803afb880ff81c60ff1e40df46bc,163,0x8c8d1170edec715723d0884775e78d9b3c35e32e,0x95677e6f180c2e1456fa9aafe87c52bc30a2b578,167200000000000000,25201,1000000000,0,,0x,,3596487,21000,11810241,0x,,0.1672,sent,0x8c8d1170edec715723d0884775e78d9b3c35e32e
415,4167345,1502935563,0xb4b938aad73bf4f92460ea06ab9aba143f8d6a87968c60c46a202fed06827896,4026,0xe098241772220deb5c43624c1fe7cbe775f0dd2a804847300b8e8792a0cd00fb,97,0xbf23b68ff20c411be5658595612f873d785f12d7,0x8c8d1170edec715723d0884775e78d9b3c35e32e,595853119000000000,940000,21000000000,0,,0x,,3597793,21000,11807565,0x,,0.595853119,received,0x8c8d1170edec715723d0884775e78d9b3c35e32e
416,4167671,1502942129,0x3888baa8d917b8d1eaf8964785f81af71d4c10eae4d9b5880ecb6448a528c5fe,284,0x30fad4e7fd374d62d79e32cc1a3e927b97e82c428a4da240dcd9374be5d7b07d,37,0x8c8d1170edec715723d0884775e78d9b3c35e32e,0x42ba2619d342ad90c71829b3da4a3279ac95e39d,198600000000000000,25201,1000000000,0,,0x,,801194,21000,11807239,0x,,0.1986,sent,0x8c8d1170edec715723d0884775e78d9b3c35e32e
417,4168046,1502950135,0x9fc66c1fe419b7dabb583ecc7c588ed38b8dd2c8702661e23991b09f25823fae,285,0xc5bfa82a63a16271d7a67e7006e4964a9e3195cf7431337a6d66e444e29404fa,90,0x8c8d1170edec715723d0884775e78d9b3c35e32e,0x95677e6f180c2e1456fa9aafe87c52bc30a2b578,158900000000000000,25201,1000000000,0,,0x,,1911962,21000,11806864,0x,,0.1589,sent,0x8c8d1170edec715723d0884775e78d9b3c35e32e
418,4168128,1502951708,0xf9da1c0314cbf859eb504833495a880b6efc281f877d17f7eb32d7e66aafd9c7,286,0x7eee45855e8fe815c845a659dc874b23de3c7b8bb1c4eaa4643eecd3935d6a33,39,0x8c8d1170edec715723d0884775e78d9b3c35e32e,0x2a043e486e814b411c11561a8cc61a83d301781d,490000000000000000,25201,1000000000,0,,0x,,840102,21000,11806782,0x,,0.49,sent,0x8c8d1170edec715723d0884775e78d9b3c35e32e
419,4169597,1502982201,0x9b73b88d00291bbbd199fde3e1fa39f9093a9ac80ae747468cdb80d56e536625,13860,0x2cbdef6c5a775d83c71ffb0878606a8650eb7bfd1c67b2a162916d1432c16337,65,0x0e3508c8de4a863c874918840894bc9e7d56d582,0x8c8d1170edec715723d0884775e78d9b3c35e32e,398800000000000000,90000,21000000000,0,,0x,,2087606,21000,11805313,0x,,0.3988,received,0x8c8d1170edec715723d0884775e78d9b3c35e32e
420,4169680,1502983881,0x46e792737bc79c3dc2207647a3c2e4137336f1262728aa336c5df057dee9040c,287,0xc017efe3afe1d94e9b1fb15420854a6453e811cd51b482e989073daf4c43ded9,46,0x8c8d1170edec715723d0884775e78d9b3c35e32e,0xb96d762978c528151c648b0c55c7c748c1409b04,400000000000000000,25201,1000000000,0,,0x,,988254,21000,11805230,0x,,0.4,sent,0x8c8d1170edec715723d0884775e78d9b3c35e32e
421,4171497,1503021810,0x6c5f3cc50f920b74324da9370e02736db153a78c191307974a3949887e874e82,4200,0x6cf991dc94b7f70cb5939b4bdf210bea6ee04335e65fcf8ef58ea41c8da47ecc,106,0xbf23b68ff20c411be5658595612f873d785f12d7,0x8c8d1170edec715723d0884775e78d9b3c35e32e,629934818000000000,940000,30500000000,0,,0x,,3316978,21000,11803413,0x,,0.629934818,received,0x8c8d1170edec715723d0884775e78d9b3c35e32e
422,4171807,1503028534,0x2584e6f3079cd6271e754e53d0ec6dbb07255a866d090b23140428667130e6b5,288,0x50dd732bdc038222aafffa85033cbd52c89a58905d4f59bbd5fb07323ec5ad5b,32,0x8c8d1170edec715723d0884775e78d9b3c35e32e,0x42ba2619d342ad90c71829b3da4a3279ac95e39d,209900000000000000,25201,1000000000,0,,0x,,695000,21000,11803103,0x,,0.2099,sent,0x8c8d1170edec715723d0884775e78d9b3c35e32e
423,4171843,1503029381,0xf2f9d8309da2b2b29c9a605379c492b1130cceb83975398fd5f5cb0adb8ce633,289,0xb1cd6621c9a360c15a1abaf227fc5c7b0c3d7dae5d149fe8bb9bdb8e2ac59a0e,191,0x8c8d1170edec715723d0884775e78d9b3c35e32e,0x95677e6f180c2e1456fa9aafe87c52bc30a2b578,167000000000000000,25201,1000000000,0,,0x,,6668541,21000,11803067,0x,,0.167,sent,0x8c8d1170edec715723d0884775e78d9b3c35e32e
424,4172176,1503036258,0x9fe3b4c59ea82bafa791f59fb77390cc38af3b5ce8b6bfb4b77bc9c808f7498f,290,0x1126d0106fb15599f64c89e294801da709d29b2fafd7e9953abc6a7cc5c1a833,143,0x8c8d1170edec715723d0884775e78d9b3c35e32e,0x2918daf5b7c6cd43e3c9fce08b3bde11b09a15b5,220000000000000000,150000,20000000000,0,,0x,,4602522,92136,11802734,0x,,0.22,sent,0x8c8d1170edec715723d0884775e78d9b3c35e32e
425,4172944,1503051968,0x6151f4714a69ffbbb9dfd53236464d6e97a871a901fa01cb1f3c0a87ae8d14a8,188599,0x3ddd57fff08b49bcfeb58a6f306dd3f396f9453b45395284d0a21c5b3e00b14f,102,0x69ea6b31ef305d6b99bb2d4c9d99456fa108b02a,0x8c8d1170edec715723d0884775e78d9b3c35e32e,9930000000000000000,90000,23756479900,0,,0x,,4163016,21000,11801966,0x,,9.93,received,0x8c8d1170edec715723d0884775e78d9b3c35e32e
426,4173233,1503058050,0x7bf6ed7c9999ddf66fa38f6fdad45e0655a053d3dcdceae83883b0dda96b888b,291,0x11c85f900295a7f22e957c47407cc6f2e61ba0062091606b0019afd92c7fa5b6,118,0x8c8d1170edec715723d0884775e78d9b3c35e32e,0xaaab2ec23dd5dd9602e631b8399fa94c9d134b3a,9900000000000000000,600000,100000000000,0,,0x,,3927011,34867,11801677,0x,,9.9,sent,0x8c8d1170edec715723d0884775e78d9b3c35e32e
427,4173276,1503058813,0x019c921b4b3b9fe7a554e76fff176bcb7ea1e5deefb73de08be8f0d9ed9c12aa,292,0x43ac90fc2da79c9beeb6a880fbb8d8c2acfde6ce731d18d5926df5d5bda773cf,4,0x8c8d1170edec715723d0884775e78d9b3c35e32e,0xaaab2ec23dd5dd9602e631b8399fa94c9d134b3a,9900000000000000000,43694,100000000000,0,,0x,,150801,34867,11801634,0x,,9.9,sent,0x8c8d1170edec715723d0884775e78d9b3c35e32e
428,4173603,1503065640,0x07fd49cb2b7d570752eabca8c35a7a8053cacc25e076e1e441e2f2666c686b6b,293,0x9a34bbad344bc9dc39a6d24bac03945609cb20b88a454f1a9366b6e104b2cc12,155,0x8c8d1170edec715723d0884775e78d9b3c35e32e,0xf9b10b4853754b2381ec8122c5b6478a6fe97f17,9900000000000000000,25200,1000000000,0,,0x,,3459408,21000,11801307,0x,,9.9,sent,0x8c8d1170edec715723d0884775e78d9b3c35e32e
429,4175739,1503109761,0x6977697770f44a9e023a6f2be7123c74ed29d345b084f45e40b416bad99b2fad,4392,0x8c518e6f4db7c8173a72355ff09f338a8ba1a5d4d9daceecd94f33fb38fe3937,137,0xbf23b68ff20c411be5658595612f873d785f12d7,0x8c8d1170edec715723d0884775e78d9b3c35e32e,636702358000000000,940000,22000001337,0,,0x,,4473668,21000,11799171,0x,,0.636702358,received,0x8c8d1170edec715723d0884775e78d9b3c35e32e
430,4176785,1503131177,0x1a30d279c3f08b7245b4b5bacacc4f79b8ecaeb142249b2920e9ba22599dc412,294,0x3d1efb6d21e297e3708ede421a4ecaeaad9354a81944df1655948fd3e001dd0c,30,0x8c8d1170edec715723d0884775e78d9b3c35e32e,0x42ba2619d342ad90c71829b3da4a3279ac95e39d,231300000000000000,25201,1000000000,0,,0x,,669563,21000,11798125,0x,,0.2313,sent,0x8c8d1170edec715723d0884775e78d9b3c35e32e
431,4176798,1503131496,0x8ddd0eff1db03ef6534bd02d619794d8b5552138d6a4aa44a7a36fe31dbfc135,295,0xb34c5ea37c1996b1df6c8f7c647680843e158a4f715456ec9ada37ecdbaf0f65,82,0x8c8d1170edec715723d0884775e78d9b3c35e32e,0x3b0009071a0a9983e9aab537fd8c9ad478310aeb,100000000000000000,300000,20000000000,0,,0x,,3213404,141454,11798112,0x,,0.1,sent,0x8c8d1170edec715723d0884775e78d9b3c35e32e
432,4177710,1503150214,0x7459589776108cce296604896553dad0932b28500f266e3593c3766e8ffa49d8,296,0x9354b0b14c87cd6bc55bc9bafb9ac08921becdef9f3ae3e9e98b085181a74419,92,0x8c8d1170edec715723d0884775e78d9b3c35e32e,0x2918daf5b7c6cd43e3c9fce08b3bde11b09a15b5,10000000000000000,150000,20000000000,0,,0x,,2431985,92136,11797200,0x,,0.01,sent,0x8c8d1170edec715723d0884775e78d9b3c35e32e
433,4177998,1503156217,0x87bd9b250c32c5cb2bcbbd5ca5ffd657f1b73a184363073dac4e302bff2a3520,297,0x3b8e1472186a4d2f449920c2bdaa8b0c79fb3dbc5147a45ff56cbd41ad9d140c,135,0x8c8d1170edec715723d0884775e78d9b3c35e32e,0x2918daf5b7c6cd43e3c9fce08b3bde11b09a15b5,0,60000,4000000000,1,,0xbe040fb0,,5497657,60000,11796912,0xbe040fb0,redeem(),0,sent,0x8c8d1170edec715723d0884775e78d9b3c35e32e
434,4179835,1503194208,0x902484f06dea319fbce4fae9d5e044bac34d70e95fab1052bc7e9d3c4887bb72,298,0xc57474683592125fc81af0f9415836ae269a95c8fbcb7cac07bc34e73b24609b,165,0x8c8d1170edec715723d0884775e78d9b3c35e32e,0x2918daf5b7c6cd43e3c9fce08b3bde11b09a15b5,0,60000,4000000000,1,,0xbe040fb0,,6112150,60000,11795075,0xbe040fb0,redeem(),0,sent,0x8c8d1170edec715723d0884775e78d9b3c35e32e
435,4179845,1503194544,0xcec7b2da62302aade08d958058e7cce6f11dcdd92aeb13a3fc31db2825aee0e6,4578,0x8cc93c491b2786d1aa29564246ca4b93ec202414bb86d40030de4398923b4984,128,0xbf23b68ff20c411be5658595612f873d785f12d7,0x8c8d1170edec715723d0884775e78d9b3c35e32e,549211246000000000,940000,22127224645,0,,0x,,2863318,21000,11795065,0x,,0.549211246,received,0x8c8d1170edec715723d0884775e78d9b3c35e32e
436,4179989,1503197711,0xe54c6f3ebdc9e422ce5d64f3f8e322789a8e06e7674d739d5a281e7dd2ecdeae,299,0x4e60b6d729f894c51309dd551f8b49f6bd0b3142746f01cb7fc74624b45072d8,69,0x8c8d1170edec715723d0884775e78d9b3c35e32e,0x42ba2619d342ad90c71829b3da4a3279ac95e39d,183000000000000000,25201,1000000000,0,,0x,,3018182,21000,11794921,0x,,0.183,sent,0x8c8d1170edec715723d0884775e78d9b3c35e32e
437,4181050,1503219078,0xce6ee388d51e52678af070b0318caddb8264719b70644865e01c8114618efe20,300,0x41b3ceaa18d05de1ee05a0f35aa3a727eda95086b3db8d54b2f329225be80890,99,0x8c8d1170edec715723d0884775e78d9b3c35e32e,0x95677e6f180c2e1456fa9aafe87c52bc30a2b578,316200000000000000,25201,1000000000,0,,0x,,3556151,21000,11793860,0x,,0.3162,sent,0x8c8d1170edec715723d0884775e78d9b3c35e32e
438,4184066,1503282014,0xa6ffe662594827ac74d16c58fb69897fee0d68975b76d6bcfb4df7a11cfa5085,4764,0x44e86bce59ea93ff5f113a7e124c9d3a6edc38098681335f6c9e50b2057ff69a,111,0xbf23b68ff20c411be5658595612f873d785f12d7,0x8c8d1170edec715723d0884775e78d9b3c35e32e,623366758000000000,940000,21000000000,0,,0x,,4120246,21000,11790844,0x,,0.623366758,received,0x8c8d1170edec715723d0884775e78d9b3c35e32e
439,4184407,1503289108,0xd66f30a01f8d7dd73031f034f10a0f8b175f1fe0b20ed7b99fbf3082c8ea6638,301,0xeac1f6d4983050e75b0a637b656bdb6bc27e16500aa45c1d273da2be59c7f6a6,30,0x8c8d1170edec715723d0884775e78d9b3c35e32e,0xe735a5b89808237de055e0dc8af9fbe7a98cc973,1020000000000000000,25200,1000000000,0,,0x,,2159568,21000,11790503,0x,,1.02,sent,0x8c8d1170edec715723d0884775e78d9b3c35e32e
440,4185079,1503302491,0xc868bdfd7a1853d211afbf5f1393629a8df121e5834130b9feae0e35e853ae3b,302,0x151c57e3dc8e01cbf976e859abe3fc0588e99884180145b666919c14340ae72a,63,0x8c8d1170edec715723d0884775e78d9b3c35e32e,0x2918daf5b7c6cd43e3c9fce08b3bde11b09a15b5,0,60000,4000000000,1,,0xbe040fb0,,3733395,60000,11789831,0xbe040fb0,redeem(),0,sent,0x8c8d1170edec715723d0884775e78d9b3c35e32e
441,4188255,1503367331,0xce5efe180a5a1b6275f6222955dc563109f719bb0d8034b9c7cdd1485efb8743,4959,0x1150e805c748293294183f55ca8f04fb56862533131bc16baff5316a23ad159c,90,0xbf23b68ff20c411be5658595612f873d785f12d7,0x8c8d1170edec715723d0884775e78d9b3c35e32e,609226453000000000,940000,20000000000,0,,0x,,2452101,21000,11786655,0x,,0.609226453,received,0x8c8d1170edec715723d0884775e78d9b3c35e32e
442,4188300,1503368225,0x881a7e7bd79275bcf27f2212109644f55823e41a271bb3ade08628136b76ebd7,303,0xb979ee40a17a56cfcecd843919981e31ea165691db257173c99c2bb229948d04,60,0x8c8d1170edec715723d0884775e78d9b3c35e32e,0x2918daf5b7c6cd43e3c9fce08b3bde11b09a15b5,0,150000,6000000000,0,,0xbe040fb0,,1547799,54760,11786610,0xbe040fb0,redeem(),0,sent,0x8c8d1170edec715723d0884775e78d9b3c35e32e
443,4188320,1503368720,0x4d559ede37d2ed656fdea6bb089272eb778aeaa8fa51ed9f4fa418e8b1a3ae1e,304,0x012abecce89587de85ef16da0061d19adde0b04a3f23dab859f39a1310985037,24,0x8c8d1170edec715723d0884775e78d9b3c35e32e,0x42ba2619d342ad90c71829b3da4a3279ac95e39d,410800000000000000,25201,1000000000,0,,0x,,1338885,21000,11786590,0x,,0.4108,sent,0x8c8d1170edec715723d0884775e78d9b3c35e32e
444,4190257,1503409567,0xe603b0da86ff9f6c12004af1ba97732874e4f995054d9dc26d117800e1bb7b22,305,0x89f5efe8b302ffcd75edfb3d9ba2d74b4d5484e73a584410483a47efb4c03c89,140,0x8c8d1170edec715723d0884775e78d9b3c35e32e,0x2918daf5b7c6cd43e3c9fce08b3bde11b09a15b5,180000000000000000,150000,20000000000,0,,0x,,5903666,98045,11784653,0x,,0.18,sent,0x8c8d1170edec715723d0884775e78d9b3c35e32e
445,4192460,1503454196,0x6f541c977ef2ea775df660c1c8e7eebc39ec92a4949a713fe05fd8af6a4f28ab,5162,0x4e381a204accdcb5407650c99d3062ec3f42d4dd8bf0f67aa7b4cca58c2efac1,44,0xbf23b68ff20c411be5658595612f873d785f12d7,0x8c8d1170edec715723d0884775e78d9b3c35e32e,401234497000000000,940000,20000000000,0,,0x,,1486139,21000,11782450,0x,,0.401234497,received,0x8c8d1170edec715723d0884775e78d9b3c35e32e
446,4193092,1503467093,0x7c57b52e858e788893016067515ff4f333e191a7673056fdab094c232567c375,306,0x6f0827dea1f7c8b3d2bf00a65381f0a36edf40f03734248846d831da5c67d743,50,0x8c8d1170edec715723d0884775e78d9b3c35e32e,0x42ba2619d342ad90c71829b3da4a3279ac95e39d,133700000000000000,25201,1000000000,0,,0x,,2626178,21000,11781818,0x,,0.1337,sent,0x8c8d1170edec715723d0884775e78d9b3c35e32e
447,4196668,1503540288,0x9f4be012e394330741b61e61f78d0edffbd2d488ba034da15aa5d3b0c18110ef,5368,0xbb34a1a2018ce1138e4bae124cf1241e0487726703462e27a3452a445f771fef,191,0xbf23b68ff20c411be5658595612f873d785f12d7,0x8c8d1170edec715723d0884775e78d9b3c35e32e,511531895000000000,940000,20000000000,0,,0x,,5402377,21000,11778242,0x,,0.511531895,received,0x8c8d1170edec715723d0884775e78d9b3c35e32e
448,4196697,1503540823,0x13ddafcd7a52e04be4b2de498557da5b8cf95ec54e7841d696f25f738a1d51e4,307,0x3e75c15768cb272dbc7197833e27fee4586003c6d9aa7116ffb5511a1d8e7c49,27,0x8c8d1170edec715723d0884775e78d9b3c35e32e,0x42ba2619d342ad90c71829b3da4a3279ac95e39d,170000000000000000,25201,1000000000,0,,0x,,588000,21000,11778213,0x,,0.17,sent,0x8c8d1170edec715723d0884775e78d9b3c35e32e
449,4196714,1503541190,0xfd2bfbadb5ef62b8ae9fb9ff58ca0c67a7204e25196bee06d24a23cb95d5f64f,308,0xb92881e3394d0489a5a12fb1801626a5b99229edda75d0a815d1bab070ac8951,53,0x8c8d1170edec715723d0884775e78d9b3c35e32e,0x95677e6f180c2e1456fa9aafe87c52bc30a2b578,565000000000000000,25201,1000000000,0,,0x,,2871089,21000,11778196,0x,,0.565,sent,0x8c8d1170edec715723d0884775e78d9b3c35e32e
450,4200789,1503626714,0x3cf65fd5998e5e6b637f31abd8acb20719cbbb6089f4682eb99c8137f703ad39,5584,0x5bf8e5f35586bb9f820de3447e960537012b88788e079391812bb25808d605f9,90,0xbf23b68ff20c411be5658595612f873d785f12d7,0x8c8d1170edec715723d0884775e78d9b3c35e32e,434326479000000000,940000,21943184958,0,,0x,,3564513,21000,11774121,0x,,0.434326479,received,0x8c8d1170edec715723d0884775e78d9b3c35e32e
451,4200942,1503630311,0x1b33c05931925896c55b6c8c60b1c5d9aa8fe02521eaa787271418c24316736d,309,0xda59480d955da2b73b84166928f01c03cc19e43f872249462718ac2d2fb811bb,11,0x8c8d1170edec715723d0884775e78d9b3c35e32e,0x42ba2619d342ad90c71829b3da4a3279ac95e39d,144700000000000000,25201,1000000000,0,,0x,,253968,21000,11773968,0x,,0.1447,sent,0x8c8d1170edec715723d0884775e78d9b3c35e32e
452,4201059,1503633097,0x660d33516853c4e2ccb0ca41881aff25ad0ba091fd5db37f264d3f82c3782f1c,310,0xef78a3f31b6feabf04288bceca543f6c81b4aef659c14e92d6d862bccccda78b,48,0x8c8d1170edec715723d0884775e78d9b3c35e32e,0x95677e6f180c2e1456fa9aafe87c52bc30a2b578,115800000000000000,25201,1000000000,0,,0x,,3663470,21000,11773851,0x,,0.1158,sent,0x8c8d1170edec715723d0884775e78d9b3c35e32e
453,4204319,1503713119,0xc2d13887e4e757ee980eb54d5f759f280f8133751b5d147bae15daa98be258ef,5768,0xcb570a08f34ca4e58f2c2270adb65fd71c15487d3c00aa4657295a1ad10eb310,50,0xbf23b68ff20c411be5658595612f873d785f12d7,0x8c8d1170edec715723d0884775e78d9b3c35e32e,329131770000000000,940000,21000000000,0,,0x,,1670810,21000,11770591,0x,,0.32913177,received,0x8c8d1170edec715723d0884775e78d9b3c35e32e
454,4204322,1503713155,0x473c24229d77d75871b065442e54643bd64bdd55a2b17931ccd28f2caf12c863,5928,0x97dbc45d7d99a98f5cf2f091522e8b66691276a39435f999494748820343d093,101,0xbf23b68ff20c411be5658595612f873d785f12d7,0x8c8d1170edec715723d0884775e78d9b3c35e32e,460673886000000000,940000,21000000000,0,,0x,,3398146,21000,11770588,0x,,0.460673886,received,0x8c8d1170edec715723d0884775e78d9b3c35e32e
455,4204908,1503727707,0xfb99f436d25d67c29d8afb7b66aba24c9fda3485917b4c6dc99b7dfc2def4826,311,0x0ee4ce44edb2ae423af9e7422e5dfd59f117d0a21ccb1900b8f971a0e0a997cb,18,0x8c8d1170edec715723d0884775e78d9b3c35e32e,0x42ba2619d342ad90c71829b3da4a3279ac95e39d,263200000000000000,25201,1000000000,0,,0x,,399055,21000,11770002,0x,,0.2632,sent,0x8c8d1170edec715723d0884775e78d9b3c35e32e
456,4204923,1503728151,0x91d9d2c98f0db9ca432f5de681be9274e4b66fac4d6659fa7de72602c5335846,312,0xcc75440c4767525cc0f73831756353c096bedf1d5f2a587c32b60f7fb698b882,113,0x8c8d1170edec715723d0884775e78d9b3c35e32e,0x95677e6f180c2e1456fa9aafe87c52bc30a2b578,210500000000000000,25201,1000000000,0,,0x,,6329831,21000,11769987,0x,,0.2105,sent,0x8c8d1170edec715723d0884775e78d9b3c35e32e
457,4208076,1503805394,0xb1c0db80ce3648bf3c7d560caccc2e6b682915eb932fcfa2793fd531e1052b07,6098,0x39b33b5c35b20661ac4ee6ff7d9e0646c86e4605aa346e5de1be1111aa64c174,108,0xbf23b68ff20c411be5658595612f873d785f12d7,0x8c8d1170edec715723d0884775e78d9b3c35e32e,495151555000000000,940000,21099713542,0,,0x,,3055198,21000,11766834,0x,,0.495151555,received,0x8c8d1170edec715723d0884775e78d9b3c35e32e
458,4208415,1503813921,0xedc07b1d52fcb2d7f60349b3296999d466bd5c2257eac103cd6b62207438e92c,313,0x729488e0732cf6b472dea8a0ac7d7bd2442e5aaa370b91cef5e4e141c5e2ed0b,73,0x8c8d1170edec715723d0884775e78d9b3c35e32e,0xb63b606ac810a52cca15e44bb630fd42d8d1d83d,0,60000,1000000000,0,,0xa9059cbb0000000000000000000000001d082d45172c5860bf85f900a036ee7292ea45af00000000000000000000000000000000000000000000000000000000e8754700,,3359763,52208,11766495,0xa9059cbb,"transfer(address _to, uint256 _value)",0,sent,0x8c8d1170edec715723d0884775e78d9b3c35e32e
459,4208418,1503814020,0xc68edfff907678391a06db579f29d6190adbbc89d5f7b4993bebe74bc9ffeec2,314,0x3b1e67b3fc045f4bc6b2c0ebe61732a023f7fc22124ea7056f1622ea5c7ce1e2,57,0x8c8d1170edec715723d0884775e78d9b3c35e32e,0x1f573d6fb3f13d689ff844b4ce37794d79a7ff1c,0,60000,1000000000,0,,0xa9059cbb0000000000000000000000001d082d45172c5860bf85f900a036ee7292ea45af00000000000000000000000000000000000000000000000d8d726b7177a80000,,1508526,37344,11766492,0xa9059cbb,"transfer(address _to, uint256 _value)",0,sent,0x8c8d1170edec715723d0884775e78d9b3c35e32e
460,4208430,1503814380,0x7cb98db632db799f122331aae76ac5a2f638043ffc48985d396d4bd33694949d,315,0xcaa2cf3a4cbcbb091f891f594c10954f5e39b307de0a1fd404aaf4b68ff2e75c,83,0x8c8d1170edec715723d0884775e78d9b3c35e32e,0x42ba2619d342ad90c71829b3da4a3279ac95e39d,165000000000000000,25201,1000000000,0,,0x,,1802549,21000,11766480,0x,,0.165,sent,0x8c8d1170edec715723d0884775e78d9b3c35e32e
461,4208884,1503825254,0x2470ee05930838a4a5304150cd4d10e167b174ce99652edca9d38e1a447097c9,316,0x639ad875efcc8818c20d6d5910f52871d9ad3a87eb818a4ae450f47b2ed5288c,105,0x8c8d1170edec715723d0884775e78d9b3c35e32e,0x95677e6f180c2e1456fa9aafe87c52bc30a2b578,132000000000000000,25201,1000000000,0,,0x,,4228223,21000,11766026,0x,,0.132,sent,0x8c8d1170edec715723d0884775e78d9b3c35e32e
462,4209019,1503828599,0x2d30fce7bd5cc436ad5bd060f87b4538ccf9f24259e241bb231e80f2a39bab63,317,0x99e9a3fd8a7ea1fd8c57dc40a2276d2fc3cc8c8570f3e0857ea66ce3011ea367,29,0x8c8d1170edec715723d0884775e78d9b3c35e32e,0xa31dc1b928bab6c2b080397b153bfd344095f997,740000000000000000,25201,1000000000,0,,0x,,973702,21000,11765891,0x,,0.74,sent,0x8c8d1170edec715723d0884775e78d9b3c35e32e
463,4211566,1503891870,0xc556b843a448792fc4e9116c7c22bae6708e48bf3e6eee14a06e34e286580771,88,0xee14a1fdc68cdadc7d0bbfbeb44da4231689c69e91dc0e1637882f42e4174f6c,124,0x180ba8f73897c0cb26d76265fc7868cfd936e617,0x8c8d1170edec715723d0884775e78d9b3c35e32e,438766350000000000,940000,23716593935,0,,0x,,3213054,21000,11763344,0x,,0.43876635,received,0x8c8d1170edec715723d0884775e78d9b3c35e32e
464,4212910,1503926126,0x43ffe6ee108816514abe5373bb441f21ec4f9fdf17455bdb153b043a5e0a8d7c,318,0xa72d9f9d27162f9d4e51bfdb34ded964e9980c423a3057da69752ad73439cce6,166,0x8c8d1170edec715723d0884775e78d9b3c35e32e,0xa723606e907bf84215d5785ea7f6cd93a0fbd121,440000000000000000,27109,1000000000,0,,0x,,3651618,22590,11762000,0x,,0.44,sent,0x8c8d1170edec715723d0884775e78d9b3c35e32e
465,4214879,1503974060,0x32b3db0c82989a7d71fed473863bdb4bead85cf0a8708057ae4dc2f59c8d3de9,304,0x049da8a251c86baf41dabc565d043ab1b2653fc866d5a2042246050a186c1503,183,0x180ba8f73897c0cb26d76265fc7868cfd936e617,0x8c8d1170edec715723d0884775e78d9b3c35e32e,402317811000000000,940000,21000000000,0,,0x,,5329276,21000,11760031,0x,,0.402317811,received,0x8c8d1170edec715723d0884775e78d9b3c35e32e
466,4215372,1503986388,0x2c33568fc0ba85f1ca1e45ce98253e3a60e7674e5d123edda4e61397171a58db,319,0xe925551d0dc5e8796e6f7ad4c66dbc5c11a95c62b2f2054891c1dbf5889645ae,37,0x8c8d1170edec715723d0884775e78d9b3c35e32e,0x42ba2619d342ad90c71829b3da4a3279ac95e39d,280300000000000000,25200,1000000000,0,,0x,,835079,21000,11759538,0x,,0.2803,sent,0x8c8d1170edec715723d0884775e78d9b3c35e32e
467,4215837,1503997957,0x2f1074660670ba73a758541766d5f32a5e46760a49ff4e461dfc44506c7b41c5,320,0x242087f2351e2d3131cb46b17fe2986e82c4e80eb5f1ed4a209c60c64056967e,98,0x8c8d1170edec715723d0884775e78d9b3c35e32e,0xef68e7c694f40c8202821edf525de3782458639f,0,60000,1000000000,0,,0xa9059cbb00000000000000000000000095677e6f180c2e1456fa9aafe87c52bc30a2b5780000000000000000000000000000000000000000000000a2a15d09519be00000,,2367904,51851,11759073,0xa9059cbb,"transfer(address _to, uint256 _value)",0,sent,0x8c8d1170edec715723d0884775e78d9b3c35e32e
468,4218383,1504059369,0xea702ea4bc004b74ee0b369a7c2e93167ea24a9fb9bea4f60d4180758c51766a,492,0x4b64ba3d9d58001b6bcd49f51929138d9f0723777455be7d66513c8e1d6f0546,45,0x180ba8f73897c0cb26d76265fc7868cfd936e617,0x8c8d1170edec715723d0884775e78d9b3c35e32e,487308493000000000,940000,22000001337,0,,0x,,1451608,21000,11756527,0x,,0.487308493,received,0x8c8d1170edec715723d0884775e78d9b3c35e32e
469,4218524,1504062713,0xff5bbedf1059ef54f6b96d50384794ad549d34309c1c5ecc09c934362d4838b4,321,0x5621d05a8bed0de9afea16ed18aaf138d717cbf6d9c69da5c1cdd0ff6349f59a,10,0x8c8d1170edec715723d0884775e78d9b3c35e32e,0x42ba2619d342ad90c71829b3da4a3279ac95e39d,162400000000000000,25200,1000000000,0,,0x,,231000,21000,11756386,0x,,0.1624,sent,0x8c8d1170edec715723d0884775e78d9b3c35e32e
470,4221634,1504139209,0x259a758c166c5adc153a427602710bf3e131da76d1b524cc6a43d36c141d498d,322,0xb0e91dd1c4c4e54c41965d6337960f83d9e1f8b6f19a95fb49e791aec1ec5ed5,51,0x8c8d1170edec715723d0884775e78d9b3c35e32e,0xef68e7c694f40c8202821edf525de3782458639f,0,60000,1000000000,0,,0xa9059cbb0000000000000000000000001d082d45172c5860bf85f900a036ee7292ea45af0000000000000000000000000000000000000000000007652dfbce0416cc0000,,2602677,51851,11753276,0xa9059cbb,"transfer(address _to, uint256 _value)",0,sent,0x8c8d1170edec715723d0884775e78d9b3c35e32e
471,4221705,1504140815,0x15bd5110fac80f84d89b95f4929f653affe08788139492d49b77af77f73cbb88,323,0x0c25f126584585b7c1af74ffab0a76a2556d633f9be9aa1d6e4128174946edad,64,0x8c8d1170edec715723d0884775e78d9b3c35e32e,0xef68e7c694f40c8202821edf525de3782458639f,0,60000,1000000000,0,,0xa9059cbb0000000000000000000000007151053d79df1979f91ffd145a6ff284ef15e3c80000000000000000000000000000000000000000000008a0aeb56a559c3c0000,,1598276,51915,11753205,0xa9059cbb,"transfer(address _to, uint256 _value)",0,sent,0x8c8d1170edec715723d0884775e78d9b3c35e32e
472,4221866,1504145210,0x00a1a246a679e780e1f64e6c87a039e338abb8884945820dcf5d7d33eddfc432,708,0x0f1bfe61c4205a1fb46d15c4f87e8d9a7c4c4ebf7d42bbf19311a55b9ec91517,133,0x180ba8f73897c0cb26d76265fc7868cfd936e617,0x8c8d1170edec715723d0884775e78d9b3c35e32e,476215082000000000,940000,23369866721,0,,0x,,2919767,21000,11753044,0x,,0.476215082,received,0x8c8d1170edec715723d0884775e78d9b3c35e32e
473,4222149,1504152071,0x36a92ccc7776a873b99e25bde4e47ed7975a60a9af3c60e4578406b4f8d444ad,324,0xd0744ae540f7f684fef9d76069befea762d18d68882c6b786568ee2d13e86efe,23,0x8c8d1170edec715723d0884775e78d9b3c35e32e,0xe735a5b89808237de055e0dc8af9fbe7a98cc973,400000000000000000,25201,1000000000,0,,0x,,504894,21000,11752761,0x,,0.4,sent,0x8c8d1170edec715723d0884775e78d9b3c35e32e
474,4222157,1504152174,0xa803e17a6d675a2725dbffb7c4fe9f4204284276992381d2771f12d324265de6,325,0x9728edebe31888d8eef2873071ecf730822484f23ab1513b91bd70a440cb1baf,32,0x8c8d1170edec715723d0884775e78d9b3c35e32e,0x42ba2619d342ad90c71829b3da4a3279ac95e39d,158700000000000000,25201,1000000000,0,,0x,,1245844,21000,11752753,0x,,0.1587,sent,0x8c8d1170edec715723d0884775e78d9b3c35e32e
475,4222527,1504161366,0x1c534727f804fa7b9ad30ffb70e2f3b96563f063647fe9332bd456dd2ad0c494,326,0xf0f25e8d1da899a85bbcf02fae126c917a0f5743c2a84cbfa94727dcd3069e3a,33,0x8c8d1170edec715723d0884775e78d9b3c35e32e,0xef68e7c694f40c8202821edf525de3782458639f,0,60000,1000000000,0,,0xa9059cbb00000000000000000000000095677e6f180c2e1456fa9aafe87c52bc30a2b578000000000000000000000000000000000000000000000025f273933db5700000,,855581,51851,11752383,0xa9059cbb,"transfer(address _to, uint256 _value)",0,sent,0x8c8d1170edec715723d0884775e78d9b3c35e32e
476,4223174,1504177488,0xa4d7b505086bd6bc27a0e34b8088e7f6625f98d18d3df9b24043e98d86f7cf64,327,0xe4286c0fa442bfd24dc3c0ceb47c4626ed7d6b29e9887d70ee823bd3648e5aaf,159,0x8c8d1170edec715723d0884775e78d9b3c35e32e,0x08da80f28b960bdfab798c172ff20619540b9ce5,350000000000000000,129500,51000000000,0,,0x696d746f6b656e,,5188030,62433,11751736,0x696d746f,,0.35,sent,0x8c8d1170edec715723d0884775e78d9b3c35e32e
477,4223355,1504181762,0x85c4b3e1a2ab9b8a88d3534912cf1f127e9a5ffb4fc8065143edfdb15cd3061f,42273,0x7e888fa56228b1d5ae00a5d50dc566af19b51394995e07d23706227c7f37d5e9,155,0x3f5ce5fbfe3e9af3971dd833d26ba9b5c936f0be,0x8c8d1170edec715723d0884775e78d9b3c35e32e,2072609620000000000,21001,51000000000,0,,0x,,4785219,21000,11751555,0x,,2.07260962,received,0x8c8d1170edec715723d0884775e78d9b3c35e32e
478,4223362,1504181973,0x7350842e582807cd170088ed1159105d3e7f823f1cccfe3230c08b255c130786,328,0xbb551a9b77bfc3f59017981eb513825b7592f8601650eddc9585c94c2531f9f9,85,0x8c8d1170edec715723d0884775e78d9b3c35e32e,0x5f38c21fdbd33c167d81267b9dcacd9fb0118cb7,2000000000000000000,100000,51000000000,0,,0x696d746f6b656e,,5083955,80853,11751548,0x696d746f,,2,sent,0x8c8d1170edec715723d0884775e78d9b3c35e32e
479,4223754,1504192151,0x0a72df4ea9d239d11e16a15396f95bb92b72c67f1bc1fa767b5f18df5a112326,329,0x0f5755aa9ae2c41d67171d4c704478e1c144363042edf9e5034b5cf44bbfcc0d,207,0x8c8d1170edec715723d0884775e78d9b3c35e32e,0x73dd069c299a5d691e9836243bcaec9c8c1d8734,0,60000,1000000000,0,,0xa9059cbb000000000000000000000000a15ec67b3daafd655c232129ba1633ab2f304fe900000000000000000000000000000000000000000000000000000002540be400,,6213353,52079,11751156,0xa9059cbb,"transfer(address _to, uint256 _value)",0,sent,0x8c8d1170edec715723d0884775e78d9b3c35e32e
480,4225410,1504233274,0x3094777d287f1ef7571fd6df4ddb0844ab6d9d6fdd03baced39a7440465818a0,914,0xdfcf61f35a5ebede16edfe16196aae531b84d8165423ea9389d6112e3f481ca7,170,0x180ba8f73897c0cb26d76265fc7868cfd936e617,0x8c8d1170edec715723d0884775e78d9b3c35e32e,509474494000000000,940000,30000000000,0,,0x,,4485425,21000,11749500,0x,,0.509474494,received,0x8c8d1170edec715723d0884775e78d9b3c35e32e
481,4225458,1504234382,0x1b632b6f41c8da6ef1e22006b96fc1b4f1ca23e06b695ba3d9da6dace0adc6ec,330,0x5d818cc54bc196f0767be1e98af82f0b93c4c5fdd7bbb1c719c0758c0390a576,96,0x8c8d1170edec715723d0884775e78d9b3c35e32e,0x42ba2619d342ad90c71829b3da4a3279ac95e39d,169600000000000000,25201,1000000000,0,,0x,,6634559,21000,11749452,0x,,0.1696,sent,0x8c8d1170edec715723d0884775e78d9b3c35e32e
482,4226058,1504248633,0x17d29e6b3c05a45ab94e25099c36a00aa56fbdf5b369751d5314d5bacf9abcb8,331,0xc50092d90a18b1fc8d636e3c6c4d30e6631a55f3b6c4ee030e7a54081322d4c7,58,0x8c8d1170edec715723d0884775e78d9b3c35e32e,0x2918daf5b7c6cd43e3c9fce08b3bde11b09a15b5,0,180000,4000000000,0,,0xbe040fb0,,5683044,56007,11748852,0xbe040fb0,redeem(),0,sent,0x8c8d1170edec715723d0884775e78d9b3c35e32e
483,4226363,1504256708,0xa298d0d23df35be152371337f01c81442a5493289861e782a6563e893c7c8e19,332,0xaf594cfae065bbcb4c382711e432024e4da4cfcd8135f725a6229e6e04b955d0,93,0x8c8d1170edec715723d0884775e78d9b3c35e32e,0x6c2adc2073994fb2ccc5032cc2906fa221e9b391,0,60000,4125000000,0,,0xa9059cbb0000000000000000000000007151053d79df1979f91ffd145a6ff284ef15e3c800000000000000000000000000000000000000000000001b1ae4d6e2ef500000,,6434507,40791,11748547,0xa9059cbb,"transfer(address _to, uint256 _value)",0,sent,0x8c8d1170edec715723d0884775e78d9b3c35e32e
484,4226817,1504266960,0x8e7ebd7dd4034666d4302ed79d493923f7650bb520c18c9928aef8b3380b144f,333,0x31f0454465ad7bbcb82e3053868e239c91bc57ede3799adcb73c14a276ebac45,115,0x8c8d1170edec715723d0884775e78d9b3c35e32e,0x73dd069c299a5d691e9836243bcaec9c8c1d8734,0,60000,1000000000,0,,0xa9059cbb000000000000000000000000a15ec67b3daafd655c232129ba1633ab2f304fe9000000000000000000000000000000000000000000000000000000037e11d600,,2885840,37079,11748093,0xa9059cbb,"transfer(address _to, uint256 _value)",0,sent,0x8c8d1170edec715723d0884775e78d9b3c35e32e
485,4226874,1504268400,0x36635bcf11f5803d706bd7bef602f2d4d494a3ddeb68cdf48ab6c8a3cc6b1151,334,0x77c605374dff02fa4da0706fa74a95ad0a747202985a948fb2ecec4e31d113eb,92,0x8c8d1170edec715723d0884775e78d9b3c35e32e,0x73dd069c299a5d691e9836243bcaec9c8c1d8734,0,60000,1781250000,0,,0xa9059cbb000000000000000000000000a15ec67b3daafd655c232129ba1633ab2f304fe900000000000000000000000000000000000000000000000000000002540be400,,6155064,37079,11748036,0xa9059cbb,"transfer(address _to, uint256 _value)",0,sent,0x8c8d1170edec715723d0884775e78d9b3c35e32e
486,4228885,1504317886,0x23133de496d65be3b39018b30c19b84caa9722ff83ba947d620fe1348fb7b5fe,1134,0xf058aee0ab3b4dc9bf0b6509e595d64ee69be30f52a8faeaf0da89ebd4942a5e,186,0x180ba8f73897c0cb26d76265fc7868cfd936e617,0x8c8d1170edec715723d0884775e78d9b3c35e32e,480234322000000000,940000,28987298387,0,,0x,,5125846,21000,11746025,0x,,0.480234322,received,0x8c8d1170edec715723d0884775e78d9b3c35e32e
487,4228968,1504319695,0xfa07cff8132ae25f3ff4b825ebe0303d8aa6cc0a0f113c6e98ff205a3e1fbc80,335,0x164d3ffcb974e70ddd05f14018410a8beb416ca40b2d059c4c74fe871d1ade6e,88,0x8c8d1170edec715723d0884775e78d9b3c35e32e,0x42ba2619d342ad90c71829b3da4a3279ac95e39d,160000000000000000,25201,1000000000,0,,0x,,4121946,21000,11745942,0x,,0.16,sent,0x8c8d1170edec715723d0884775e78d9b3c35e32e
488,4232450,1504404979,0x23f6b6bc268ceff732b59330d5e9c054998888f8453286fad0a39b8e12f7a304,1354,0x815f742fb34b83a6c904c89fe7408e98a85c029b000c686c309147cd864e7ca1,163,0x180ba8f73897c0cb26d76265fc7868cfd936e617,0x8c8d1170edec715723d0884775e78d9b3c35e32e,469730475000000000,940000,21000000000,0,,0x,,4800860,21000,11742460,0x,,0.469730475,received,0x8c8d1170edec715723d0884775e78d9b3c35e32e
489,4232802,1504413793,0x12efd8083da8087f4a3db14c54cd44c79ab937574e527a029b8e6eb1f4a326b8,336,0xc7bc5c1f3f1998bf8237fb80ac81afba1e79fa4af1c1877d092c9ad67190c1c5,18,0x8c8d1170edec715723d0884775e78d9b3c35e32e,0x42ba2619d342ad90c71829b3da4a3279ac95e39d,156500000000000000,25201,1000000000,0,,0x,,417512,21000,11742108,0x,,0.1565,sent,0x8c8d1170edec715723d0884775e78d9b3c35e32e
490,4232830,1504414440,0x74afd054ea8f1aaebca28678aebdf6e56cadbec7f740af0b4027221ce2b3e726,337,0x81046a1c61198424b85123c58d87f36ccb434d87af7f259ed7b10f07f3e33b76,5,0x8c8d1170edec715723d0884775e78d9b3c35e32e,0x95677e6f180c2e1456fa9aafe87c52bc30a2b578,686900000000000000,25201,1000000000,0,,0x,,126000,21000,11742080,0x,,0.6869,sent,0x8c8d1170edec715723d0884775e78d9b3c35e32e
491,4234474,1504455036,0x69797f3e361dcc3df435fcad6bad246021c3cb90c22fea22e37bed79b26eeb67,9507,0x684a9661ac4dad4105d6e95db7729d2b51db6228c8ec240bf3faeab6c3020626,38,0x6c7a64999ad1c69e32f318fbb0d5ffbe5944e552,0x8c8d1170edec715723d0884775e78d9b3c35e32e,985000000000000000,90000,21000000000,0,,0x,,1202391,21000,11740436,0x,,0.985,received,0x8c8d1170edec715723d0884775e78d9b3c35e32e
492,4235956,1504490692,0x03f98e3020260ec106b7bbb5eb6a256d0f1a477020d7c2f68407ac8bab6c74c7,1509,0x10e1948d7ab85590c406d8eecdfd6af24cb57481ce3de1b3f8a9a3e97a660254,40,0x180ba8f73897c0cb26d76265fc7868cfd936e617,0x8c8d1170edec715723d0884775e78d9b3c35e32e,460480219000000000,940000,21000000000,0,,0x,,1183956,21000,11738954,0x,,0.460480219,received,0x8c8d1170edec715723d0884775e78d9b3c35e32e
493,4236457,1504502966,0x856351b380ae87dd8d51be3278ff033bee3dd72f7359d2c6bd123734285107ba,338,0xbe9f174a24d99a991004825b1589a1a51ba6116c1b5eae9683763f84a13be614,43,0x8c8d1170edec715723d0884775e78d9b3c35e32e,0x42ba2619d342ad90c71829b3da4a3279ac95e39d,150300000000000000,25201,1000000000,0,,0x,,1656790,21000,11738453,0x,,0.1503,sent,0x8c8d1170edec715723d0884775e78d9b3c35e32e
494,4237309,1504523737,0xa342f916af1227ad35fae04e4c7c9c82e9b7be0d26f2c7c6dd5efd2de7fca24b,339,0xe031e2b8d10cf2632d34b1d1954b1758a4de439225603ececbfca90ccf703dfc,42,0x8c8d1170edec715723d0884775e78d9b3c35e32e,0x1d082d45172c5860bf85f900a036ee7292ea45af,1660000000000000000,25201,1000000000,0,,0x,,903272,21000,11737601,0x,,1.66,sent,0x8c8d1170edec715723d0884775e78d9b3c35e32e
495,4239694,1504582493,0x1464434a80a2f85fcae177df7988c5ddfe54c1d981d5285d6a99fbc4ca2445c4,947,0x3c55723eb0984ef264b866037f4e3c4282c5432621a631d7a60d6047daf25d51,52,0x473f1d5ebb5152a9f26f799c538c2a08de515116,0x8c8d1170edec715723d0884775e78d9b3c35e32e,4990000000000000000,300000,31985912465,0,,0x,,1726547,21000,11735216,0x,,4.99,received,0x8c8d1170edec715723d0884775e78d9b3c35e32e
496,4239712,1504582938,0x389b166d9aa76b6650f8d0819093709adf6c29399d1d648839b3060df5efb214,1767,0xd9a0909ddbd5cd525da267e6869685b085dc42d18eed1419359c34eccf6dd4c6,148,0x180ba8f73897c0cb26d76265fc7868cfd936e617,0x8c8d1170edec715723d0884775e78d9b3c35e32e,309874362000000000,940000,27221063327,0,,0x,,4641448,21000,11735198,0x,,0.309874362,received,0x8c8d1170edec715723d0884775e78d9b3c35e32e
497,4239713,1504582947,0xe9d3de9108743d02d2189040bcb0bb1536c01bdec0c79f88a6890c94c6bb3e94,340,0x05117ac39aa1a1f4838a24a0f792f7ce376d7872929afac3df6eaf15fccd03c9,98,0x8c8d1170edec715723d0884775e78d9b3c35e32e,0x5f5ed4cb3f238ed274091f8bd338c959da51c316,427000000000000000,25201,1000000000,0,,0x,,3884822,21000,11735197,0x,,0.427,sent,0x8c8d1170edec715723d0884775e78d9b3c35e32e
498,4239729,1504583354,0xe2f94a5f62a342d56e40d551da388564178af9a2b7c918e2956a81f40a1158e5,341,0x341006d26eca45340be3aa843df5c403f581bb661c9f9fd81f3f0128f98cf6df,58,0x8c8d1170edec715723d0884775e78d9b3c35e32e,0x42ba2619d342ad90c71829b3da4a3279ac95e39d,347200000000000000,25201,1000000000,0,,0x,,2615085,21000,11735181,0x,,0.3472,sent,0x8c8d1170edec715723d0884775e78d9b3c35e32e
499,4239732,1504583458,0x5a05ef3dfc7e0fbc206ec74e53fd5d7151e9a53f531c03ed3380239633c307f1,342,0xcfb04f5f01570880366a0d783d3a55d14db72d61a9b80fa7a85525dbd3b761e1,155,0x8c8d1170edec715723d0884775e78d9b3c35e32e,0xb96d762978c528151c648b0c55c7c748c1409b04,1905000000000000000,25201,1000000000,0,,0x,,5754608,21000,11735178,0x,,1.905,sent,0x8c8d1170edec715723d0884775e78d9b3c35e32e
500,4240133,1504593008,0xf2cba01ee717b242b80e74d50f42478ae18e4e3014a4a4ec66208907374821f4,1032,0x637aefb86938d41124b180797ebf2100297d12d1cd791ea153d5d647f1d1096b,86,0x473f1d5ebb5152a9f26f799c538c2a08de515116,0x8c8d1170edec715723d0884775e78d9b3c35e32e,8990000000000000000,300000,27591587689,0,,0x,,3690114,21000,11734777,0x,,8.99,received,0x8c8d1170edec715723d0884775e78d9b3c35e32e
501,4240225,1504595290,0x979cc9c22d9ddaa0cc17170052e19d9e7c88239c98f80394c6f40cd79200f2db,343,0xc5f9b41ecadf37c7b86593e0f15079710a4a2ea3619c1c6c637fc84f2271c167,29,0x8c8d1170edec715723d0884775e78d9b3c35e32e,0x42ba2619d342ad90c71829b3da4a3279ac95e39d,458100000000000000,25201,1000000000,0,,0x,,633000,21000,11734685,0x,,0.4581,sent,0x8c8d1170edec715723d0884775e78d9b3c35e32e
502,4240229,1504595385,0x6faf4c93078ed8f0f7dbd6795178fe9af45e563e30ede8be9ec80cb60351f4ae,344,0x5201c3c98e5ac611b4e98ba6a06fa6a49a882d2c9d3887c531b63a34947f752b,16,0x8c8d1170edec715723d0884775e78d9b3c35e32e,0x5f5ed4cb3f238ed274091f8bd338c959da51c316,801000000000000000,25201,1000000000,0,,0x,,357000,21000,11734681,0x,,0.801,sent,0x8c8d1170edec715723d0884775e78d9b3c35e32e
503,4240231,1504595509,0x7cd97ec6e2a9b0afeede20f4de4fd8be38b5d9e4cf668cf93f969fbff8c14b8e,345,0x91ed5516ea65051c2855ea6f8f2470a071279cfd4e0df6a775a5924baa62bc17,65,0x8c8d1170edec715723d0884775e78d9b3c35e32e,0xb96d762978c528151c648b0c55c7c748c1409b04,3573000000000000000,25201,1000000000,0,,0x,,1390423,21000,11734679,0x,,3.573,sent,0x8c8d1170edec715723d0884775e78d9b3c35e32e
504,4240344,1504598385,0x90f5a732c51b4ea73838c8b124c610ac9d9811ec161e46ba7d9b83cd0782bd40,346,0x001d19e2bf847893b6bb414f895dbcf3376955d2280e22c51a072ec7b77476c1,94,0x8c8d1170edec715723d0884775e78d9b3c35e32e,0x95677e6f180c2e1456fa9aafe87c52bc30a2b578,205000000000000000,25201,1000000000,0,,0x,,4099122,21000,11734566,0x,,0.205,sent,0x8c8d1170edec715723d0884775e78d9b3c35e32e
505,4240566,1504603849,0xac7e50b79bef8bd91857f30e1c41b9ed6542cb8ac106cd34e36ba7ddb0b801c9,347,0x093c5761f80797e0666ee053d952a141d61645ac59bdca6627b4b9c89acf68e4,63,0x8c8d1170edec715723d0884775e78d9b3c35e32e,0x2b3cab29a6efa13e73a4f37a08139a0c6dca4e83,1120000000000000000,25201,1000000000,0,,0x,,3259289,21000,11734344,0x,,1.12,sent,0x8c8d1170edec715723d0884775e78d9b3c35e32e
506,4241336,1504622707,0xa95f8ba24d7779a5f56af80fa1ab6e590ccfd137e17ce2879ead23c6754c16ce,348,0xd46083bada829cd62bb0fa704140f23ee4548e7f6627b69c1d889e9456e63ff4,60,0x8c8d1170edec715723d0884775e78d9b3c35e32e,0x7151053d79df1979f91ffd145a6ff284ef15e3c8,5000000000000000000,25201,1000000000,0,,0x,,1281453,21000,11733574,0x,,5,sent,0x8c8d1170edec715723d0884775e78d9b3c35e32e
507,4243069,1504664618,0xa9a88f1d68f4afae12442a8a84b591509231aa2c3ffd6331d230ce98839ae4ae,2010,0xf0134cf016448f7101652d3619097e72f52017d8a0c80180e6f34a4e8bc5aab3,131,0x180ba8f73897c0cb26d76265fc7868cfd936e617,0x8c8d1170edec715723d0884775e78d9b3c35e32e,450128863000000000,940000,30000000000,0,,0x,,3284457,21000,11731841,0x,,0.450128863,received,0x8c8d1170edec715723d0884775e78d9b3c35e32e
508,4244243,1504695048,0xdebdfeed0b01b5ce077ab67f0e9e602de6b39322ea9478401260404f42fbac8c,349,0xd208a64bdfd1b539b5e482309d162675f69de46dc44c05cd27e2682016d57864,86,0x8c8d1170edec715723d0884775e78d9b3c35e32e,0x42ba2619d342ad90c71829b3da4a3279ac95e39d,150000000000000000,25200,1000000000,0,,0x,,1843928,21000,11730667,0x,,0.15,sent,0x8c8d1170edec715723d0884775e78d9b3c35e32e
509,4244360,1504698103,0xf6309329e65c634ba1b5dab4727ae87ec2c818f54fb6ddbe8ee37987056e1315,350,0xc21711bfbf0f83427b4f0cb27a128a43ce3d87e43b98714a120326e9346ff5f6,58,0x8c8d1170edec715723d0884775e78d9b3c35e32e,0x95677e6f180c2e1456fa9aafe87c52bc30a2b578,120000000000000000,25201,1000000000,0,,0x,,1239008,21000,11730550,0x,,0.12,sent,0x8c8d1170edec715723d0884775e78d9b3c35e32e
510,4246609,1504751872,0xd09adfc6cf3788102229a81ac3c997afa7c86c201489c8ac8cb9bfe8896b5e9c,2245,0x5d31ef1d4282bd322b680319e244c855719b470ed50801c0f84849c5e5ec687d,27,0x180ba8f73897c0cb26d76265fc7868cfd936e617,0x8c8d1170edec715723d0884775e78d9b3c35e32e,486339985000000000,940000,35500000000,0,,0x,,1098333,21000,11728301,0x,,0.486339985,received,0x8c8d1170edec715723d0884775e78d9b3c35e32e
511,4246907,1504759398,0x0fee517194266d4443fbcbbdbf360d9c61e0831dafcd79c85a80fb8447ec4773,351,0xac6731fceba1cfb9b37c6d7345125649b7fdac54cc87e7bad4a4737bfcfb7ec3,135,0x8c8d1170edec715723d0884775e78d9b3c35e32e,0x42ba2619d342ad90c71829b3da4a3279ac95e39d,162000000000000000,25201,1000000000,0,,0x,,6642276,21000,11728003,0x,,0.162,sent,0x8c8d1170edec715723d0884775e78d9b3c35e32e
512,4246932,1504759995,0xf168ecc0f082452a435445cdd74f795ab7dedf59f208046a3aaa80c2b6ffdd1e,352,0x73950b0226b9679d7b617d13b6664f7204842ad956dd9d055e09a928a184fefa,59,0x8c8d1170edec715723d0884775e78d9b3c35e32e,0x95677e6f180c2e1456fa9aafe87c52bc30a2b578,129600000000000000,25200,1000000000,0,,0x,,1262256,21000,11727978,0x,,0.1296,sent,0x8c8d1170edec715723d0884775e78d9b3c35e32e
513,4247078,1504763617,0xea991dd9a0c465cf0c9c8a65d8138e5700f4a18296a5e47c9116fe15c85c888b,353,0xfae535501ea55ac1d0136db78c1eb8321bde43c720a3e008a2a78a42f442257a,130,0x8c8d1170edec715723d0884775e78d9b3c35e32e,0xef68e7c694f40c8202821edf525de3782458639f,0,60000,15062500000,0,,0xa9059cbb0000000000000000000000001d082d45172c5860bf85f900a036ee7292ea45af00000000000000000000000000000000000000000000087aca228dcb8e300000,,4880333,36851,11727832,0xa9059cbb,"transfer(address _to, uint256 _value)",0,sent,0x8c8d1170edec715723d0884775e78d9b3c35e32e
514,4247157,1504765574,0x23d6168f8235887ec6c70f51b5b6cdedb2c735a18bea4c2d4f85d83e4c9862b1,354,0x90fb0436d62be1b9d352c52ae69963147de1c51b1bc0941852159dbb40017ffa,27,0x8c8d1170edec715723d0884775e78d9b3c35e32e,0x7151053d79df1979f91ffd145a6ff284ef15e3c8,830000000000000000,25200,1000000000,0,,0x,,588102,21000,11727753,0x,,0.83,sent,0x8c8d1170edec715723d0884775e78d9b3c35e32e
515,4248677,1504802919,0x2ef67b4787869468bb404b276f13ae7ffa2f52f6471752341f902dd0099d3dd3,21107,0x6ce4e580fcd540712596d85c13169a00687db637cf30fe6fac33daf638dc93c0,229,0x6c7a64999ad1c69e32f318fbb0d5ffbe5944e552,0x8c8d1170edec715723d0884775e78d9b3c35e32e,1015000000000000000,50000,87323508674,0,,0x,,4980545,21000,11726233,0x,,1.015,received,0x8c8d1170edec715723d0884775e78d9b3c35e32e
516,4250136,1504837426,0x92dac881df5e3dee9ad18cfeed8898b7fee248496656fee9a7257ff6f88fcf06,2504,0xd0731c427497f68b1fbfb668ab2171d12e2b566f5b6013a589787a04c5be4d7d,151,0x180ba8f73897c0cb26d76265fc7868cfd936e617,0x8c8d1170edec715723d0884775e78d9b3c35e32e,492354025000000000,940000,28852110049,0,,0x,,5239405,21000,11724774,0x,,0.492354025,received,0x8c8d1170edec715723d0884775e78d9b3c35e32e
517,4250138,1504837496,0x6f9c9fe77f988db0bb560efedbce03dee7badd58e34b2fe77629d165fd224925,355,0x9b59b1086c3c5ba3f986227b4843ff30a6c571e97984b3b7a48aaecf68b7a235,88,0x8c8d1170edec715723d0884775e78d9b3c35e32e,0x7151053d79df1979f91ffd145a6ff284ef15e3c8,1020000000000000000,25200,1000000000,0,,0x,,5275473,21000,11724772,0x,,1.02,sent,0x8c8d1170edec715723d0884775e78d9b3c35e32e
518,4250229,1504839728,0xd4408d82434cc468398be05e1822488863b9f4842f9126dab4d38f3810f94a22,356,0xd2cbf43bf206fc91ccb579a92b035bb594fc41f874c9b233ce21535f66e0f0a8,45,0x8c8d1170edec715723d0884775e78d9b3c35e32e,0x42ba2619d342ad90c71829b3da4a3279ac95e39d,164000000000000000,25200,1000000000,0,,0x,,970141,21000,11724681,0x,,0.164,sent,0x8c8d1170edec715723d0884775e78d9b3c35e32e
519,4250237,1504839956,0x04668501d7e553f7a6e92d08a4aa4a2dc4777ee5399e94c2f853bc2636941f41,357,0x26d04983f0be7a27a29e49fff72b05899ed8ce9c4a78eee15bd4909702123d8b,3,0x8c8d1170edec715723d0884775e78d9b3c35e32e,0x95677e6f180c2e1456fa9aafe87c52bc30a2b578,131000000000000000,25200,1000000000,0,,0x,,131189,21000,11724673,0x,,0.131,sent,0x8c8d1170edec715723d0884775e78d9b3c35e32e
520,4250458,1504845269,0xcf3329a91eb40ff8869c2c93fe314e58ad5ff7818ed1ff309447048b7040b498,73,0x0ace7c3d6a296fdd98391dfce002b3b01a99a0c4ea94411b9b5855e8ebcd0d00,47,0xb96d762978c528151c648b0c55c7c748c1409b04,0x8c8d1170edec715723d0884775e78d9b3c35e32e,9218000000000000000,25200,1000000000,0,,0x,,1011064,21000,11724452,0x,,9.218,received,0x8c8d1170edec715723d0884775e78d9b3c35e32e
521,4250490,1504845967,0x66a3af0477af8272b3e3977b29b2798c38bc4f169af3646827b23712f3e07973,75,0x113bbe6d4e085f971d7f34c2f4d13a869570286a633f7bfbd39ee9b129f3e1da,74,0xb96d762978c528151c648b0c55c7c748c1409b04,0x8c8d1170edec715723d0884775e78d9b3c35e32e,2803000000000000000,25201,1000000000,0,,0x,,1575000,21000,11724420,0x,,2.803,received,0x8c8d1170edec715723d0884775e78d9b3c35e32e
522,4250956,1504856677,0x91e91277142a353144419019b6f51470b87dbbb6aba99d1b3674d99ea27902be,358,0x8f130056c74efdccb16f9bb7bc5062aa44fffc7361d9e22c69bf9a84919453c9,78,0x8c8d1170edec715723d0884775e78d9b3c35e32e,0x7151053d79df1979f91ffd145a6ff284ef15e3c8,12200000000000000000,25201,1000000000,0,,0x,,4893535,21000,11723954,0x,,12.2,sent,0x8c8d1170edec715723d0884775e78d9b3c35e32e
523,4251199,1504862762,0x654dcce13c2d88028287691534ae1f082f5874f1730d6735457310dc212d67df,359,0x6aaf6520261b6d75cb292d097da7540e684941fc93f775bf984cb6e6710c08a2,50,0x8c8d1170edec715723d0884775e78d9b3c35e32e,0x6c2adc2073994fb2ccc5032cc2906fa221e9b391,0,60000,1000000000,0,,0xa9059cbb000000000000000000000000d175a2380018b79760e8676972885c39cf95b35c00000000000000000000000000000000000000000000001b0d04202f47ec0000,,1948631,25727,11723711,0xa9059cbb,"transfer(address _to, uint256 _value)",0,sent,0x8c8d1170edec715723d0884775e78d9b3c35e32e
524,4251635,1504873798,0x2c7811d49e65d24c08d8e48a3e86b6b89507726952943e1a87f4fb8d49440b93,97,0xb2b22c35318b2c0e07ee75363f4b5846582c31b31bc9c7e862e99c80c299e1ac,37,0x94905a7dc68669731fd65858d36fa73a75c10332,0x8c8d1170edec715723d0884775e78d9b3c35e32e,1996000000000000000,80000,21000000000,0,,0x,,1515522,21000,11723275,0x,,1.996,received,0x8c8d1170edec715723d0884775e78d9b3c35e32e
525,4253717,1504922988,0x4b61056f4647052316ca9bbd021e1733977c72c05b6f6fca05c685fb52a6dacf,2740,0xf205ec937f839490529ef9984a0b2fce0a29e4d6fcc9ec67f7ccf21e9b29899b,147,0x180ba8f73897c0cb26d76265fc7868cfd936e617,0x8c8d1170edec715723d0884775e78d9b3c35e32e,460792322000000000,940000,22511273639,0,,0x,,3660374,21000,11721193,0x,,0.460792322,received,0x8c8d1170edec715723d0884775e78d9b3c35e32e
526,4255235,1504960329,0xda9d16a6f362a7232795ecc82ffbb2e780fe623a640c4865d7fc4e83731ec205,360,0xb8a763843917b25890c93b5b34570a934d6f1ee46c83a9a5a693d5c4c38fd086,96,0x8c8d1170edec715723d0884775e78d9b3c35e32e,0x42ba2619d342ad90c71829b3da4a3279ac95e39d,153500000000000000,25200,1000000000,0,,0x,,2131034,21000,11719675,0x,,0.1535,sent,0x8c8d1170edec715723d0884775e78d9b3c35e32e
527,4255444,1504965717,0x7a5a73ac9edeb6e2e259a886f492480c8594f97782b82c511b505f2d23a9bdbd,361,0xb4e2ca47dbc6495fe407bfc2a83a8658e19b99074a26bfcecd3ad1594f7bb375,129,0x8c8d1170edec715723d0884775e78d9b3c35e32e,0x95677e6f180c2e1456fa9aafe87c52bc30a2b578,122800000000000000,25200,1000000000,0,,0x,,2841123,21000,11719466,0x,,0.1228,sent,0x8c8d1170edec715723d0884775e78d9b3c35e32e
528,4257224,1505009029,0xbbe6d6c5957b2f6e12a4cc6973a9f149ad3826b79be0bdc1fc0cd122921b840c,2996,0x22dd8a4b1d3490bb90fffc83c0e10e9d95958e52f4850ee51c7f7ec8ea2570ad,65,0x180ba8f73897c0cb26d76265fc7868cfd936e617,0x8c8d1170edec715723d0884775e78d9b3c35e32e,471074169000000000,940000,21000000000,0,,0x,,1879929,21000,11717686,0x,,0.471074169,received,0x8c8d1170edec715723d0884775e78d9b3c35e32e
529,4258224,1505033737,0x3a30ae655c9f3d89da1825387e3049a053fc379d0074db3f4f01ed648146a5a6,362,0x718e181fedd70a61e260a57b7fd1b2b3f9590956992d30a7067f7644855e5660,137,0x8c8d1170edec715723d0884775e78d9b3c35e32e,0x42ba2619d342ad90c71829b3da4a3279ac95e39d,157000000000000000,25201,1000000000,0,,0x,,6496934,21000,11716686,0x,,0.157,sent,0x8c8d1170edec715723d0884775e78d9b3c35e32e
530,4258232,1505033868,0xd7f63f33f09a9fe758e0311474dddd28fc4927f3605ef1f82f0295b97bc114dc,363,0xb32cd6675e6e8d6e5c39d4c9ef32822f373f2e69b4402854eb398fb01b22406f,33,0x8c8d1170edec715723d0884775e78d9b3c35e32e,0x95677e6f180c2e1456fa9aafe87c52bc30a2b578,125600000000000000,25200,1000000000,0,,0x,,714052,21000,11716678,0x,,0.1256,sent,0x8c8d1170edec715723d0884775e78d9b3c35e32e
531,4260833,1505096364,0xd0f8591dcfc3d663280f0e59f35d77289658a95a9934dce513d62691979fead2,3248,0xf1e7a47b53e37083d0fb372573d2569b28b7c03ebb6e49fc2a10d7a069a8cf22,100,0x180ba8f73897c0cb26d76265fc7868cfd936e617,0x8c8d1170edec715723d0884775e78d9b3c35e32e,479202046000000000,940000,21000000000,0,,0x,,2170034,21000,11714077,0x,,0.479202046,received,0x8c8d1170edec715723d0884775e78d9b3c35e32e
532,4260896,1505097722,0x3376588e6d005d017e7bcc247f3694a07aa453594197719b244941b9a88ebc49,364,0xdea2dac1082ef7c799366a96b3c2ff1472d09a7f0b3c249e0042761e3cf76664,22,0x8c8d1170edec715723d0884775e78d9b3c35e32e,0x42ba2619d342ad90c71829b3da4a3279ac95e39d,159700000000000000,25201,1000000000,0,,0x,,483000,21000,11714014,0x,,0.1597,sent,0x8c8d1170edec715723d0884775e78d9b3c35e32e
533,4260901,1505097828,0x0eff12925fef2d5d614b36c86d049823b47f06580763c084396a68bacd455f76,365,0xa0522cfec9cefa924ee213fc7f798dfbb040f5aebcabaef5fcfdfcedac5064c8,16,0x8c8d1170edec715723d0884775e78d9b3c35e32e,0x95677e6f180c2e1456fa9aafe87c52bc30a2b578,127700000000000000,25201,1000000000,0,,0x,,357000,21000,11714009,0x,,0.1277,sent,0x8c8d1170edec715723d0884775e78d9b3c35e32e
534,4264397,1505181862,0x401353f79d26326c57987fbe7cab70155f5c60f9682365bf9cd754a8d39fbc9b,3516,0x4589fc4c85d202b81e1d47f160e3f73ee9bf75c0320f75a581cb4de5add33d9d,127,0x180ba8f73897c0cb26d76265fc7868cfd936e617,0x8c8d1170edec715723d0884775e78d9b3c35e32e,457847130000000000,940000,21000000000,0,,0x,,4089460,21000,11710513,0x,,0.45784713,received,0x8c8d1170edec715723d0884775e78d9b3c35e32e
535,4265320,1505204592,0x20400bd695b56888e187d71f0eb016b33618b6b4920e5a5d616775e3d51faa9c,366,0x00650cffd186247fc08f7ddaeaf493590e2cc32beeab68b5a7de9b0949cecd9f,166,0x8c8d1170edec715723d0884775e78d9b3c35e32e,0x42ba2619d342ad90c71829b3da4a3279ac95e39d,152600000000000000,25200,1000000000,0,,0x,,3586039,21000,11709590,0x,,0.1526,sent,0x8c8d1170edec715723d0884775e78d9b3c35e32e
536,4265465,1505208137,0xb4428ac2b504a06f056af934b043f9b78f082eba2def3b036296dd5f0cc4fee0,367,0x794a08b0000c957a5bf27ad7ee89675b07ff101ec89db89891d860bc3524a740,145,0x8c8d1170edec715723d0884775e78d9b3c35e32e,0x95677e6f180c2e1456fa9aafe87c52bc30a2b578,122000000000000000,25200,1000000000,0,,0x,,3221604,21000,11709445,0x,,0.122,sent,0x8c8d1170edec715723d0884775e78d9b3c35e32e
537,4265912,1505218870,0x6721d8fc8b4521cb9cde7408ee50e8d6921bcc00fcd94c66adc00eb7dea8ccc8,368,0x8238eec9136585bfd094492410f72bb74cd7a29469864bb0cc6d3d4130a4d1f9,6,0x8c8d1170edec715723d0884775e78d9b3c35e32e,0x42ba2619d342ad90c71829b3da4a3279ac95e39d,1160000000000000000,25201,1000000000,0,,0x,,147000,21000,11708998,0x,,1.16,sent,0x8c8d1170edec715723d0884775e78d9b3c35e32e
538,4267961,1505268745,0x1dcea3a29bc0208868446ba10637d7ae4eeee755d83b39d9db712ba0acacf6ac,3776,0xc1b73098ff21df35439fad962238f2c1a9c6b566559e635524066c25d78fa8c8,76,0x180ba8f73897c0cb26d76265fc7868cfd936e617,0x8c8d1170edec715723d0884775e78d9b3c35e32e,365806358000000000,940000,20000000000,0,,0x,,1652400,21000,11706949,0x,,0.365806358,received,0x8c8d1170edec715723d0884775e78d9b3c35e32e
539,4268669,1505285876,0x7619001f960cbbaf1c3f654937b4b1bbad5866e50452e6cf1361b5e5e787a536,369,0x08e9aaa556f66753df21c9d9f84cbe8c7b31d37cd0fb46f04290364f619848e7,19,0x8c8d1170edec715723d0884775e78d9b3c35e32e,0x42ba2619d342ad90c71829b3da4a3279ac95e39d,121900000000000000,25201,1000000000,0,,0x,,420000,21000,11706241,0x,,0.1219,sent,0x8c8d1170edec715723d0884775e78d9b3c35e32e
540,4269424,1505304124,0xf3e9067430e70b5fb6963550a385b407b2ac5972428a02e47c93dd7520b711e1,370,0x55f9538c53c7d09b7671a4432bd78a5177948fe422dd6bd913fdf116986550fe,119,0x8c8d1170edec715723d0884775e78d9b3c35e32e,0x95677e6f180c2e1456fa9aafe87c52bc30a2b578,97540000000000000,25200,1000000000,0,,0x,,2521423,21000,11705486,0x,,0.09754,sent,0x8c8d1170edec715723d0884775e78d9b3c35e32e
541,4271513,1505354748,0xdf9c026f17fae4783bdd57bd756610138bc00fbcffe94727321d15c5cd6ba78d,4043,0x04a3e7542f91414868e6e4a5d48ae16a0e6c528ffe7262704ecf65816414e37a,139,0x180ba8f73897c0cb26d76265fc7868cfd936e617,0x8c8d1170edec715723d0884775e78d9b3c35e32e,467946329000000000,940000,21000000000,0,,0x,,5325631,21000,11703397,0x,,0.467946329,received,0x8c8d1170edec715723d0884775e78d9b3c35e32e
542,4272646,1505382475,0xe312cd25d7e828a86376020e481d6f2a6618c73e1443743daefc629daa68fadf,371,0xf08a0f6b68fd53545e2079a0ed2d56ad3eb9a31a62f64ae62d0762fa309b9046,46,0x8c8d1170edec715723d0884775e78d9b3c35e32e,0x42ba2619d342ad90c71829b3da4a3279ac95e39d,155900000000000000,25200,1000000000,0,,0x,,988561,21000,11702264,0x,,0.1559,sent,0x8c8d1170edec715723d0884775e78d9b3c35e32e
543,4273417,1505400836,0x3cc6d062592b5fddabc2d41390420534b90d4a77684fe301d65d32344f5c5df6,372,0xb3582236ea2422148b2e2df675824ffb200e4e7fb8135c3a8f3952f3f00785b4,112,0x8c8d1170edec715723d0884775e78d9b3c35e32e,0x95677e6f180c2e1456fa9aafe87c52bc30a2b578,124770000000000000,25201,1000000000,0,,0x,,6715152,21000,11701493,0x,,0.12477,sent,0x8c8d1170edec715723d0884775e78d9b3c35e32e
544,4275131,1505441066,0x3a42fdd6ab57ed319dda7d7e319c3068ecb8d46c3feab89a46f3c775d88437c1,4301,0xce17e5799c6324fac56e74d6f4b43bfe523a3b333fe2668949adbc13d47a5a01,104,0x180ba8f73897c0cb26d76265fc7868cfd936e617,0x8c8d1170edec715723d0884775e78d9b3c35e32e,471406642000000000,940000,27500000001,0,,0x,,2242234,21000,11699779,0x,,0.471406642,received,0x8c8d1170edec715723d0884775e78d9b3c35e32e
545,4275890,1505460011,0xf3b622848e6d9a721650e3f66d720c18c4c839090299dd0f5487cade6f11b8eb,373,0xc689e21220fc6b0abb81081f117145ccd9dad18730c87815660fe36f6f757bfb,84,0x8c8d1170edec715723d0884775e78d9b3c35e32e,0x42ba2619d342ad90c71829b3da4a3279ac95e39d,157100000000000000,25201,1000000000,0,,0x,,1785068,21000,11699020,0x,,0.1571,sent,0x8c8d1170edec715723d0884775e78d9b3c35e32e
546,4276142,1505466526,0x3d1d4fb0b4f41c2caa8902db04a125833587b1a5f2e3f7a5e66de5f6ee6c049a,374,0x06128b1bb8002c351aa09b2b6b4c971027aca7f6cf52cf1ef610482aeaa02694,69,0x8c8d1170edec715723d0884775e78d9b3c35e32e,0x95677e6f180c2e1456fa9aafe87c52bc30a2b578,125700000000000000,25200,1000000000,0,,0x,,1472260,21000,11698768,0x,,0.1257,sent,0x8c8d1170edec715723d0884775e78d9b3c35e32e
547,4276889,1505483639,0xc73844b011cd61b814dcda50550ff35a277a90af8350382f321388408662e093,375,0x45de56460b096bb0c89e0189b2d9abc9d9376709221cdcb157ba170d5b2f230c,41,0x8c8d1170edec715723d0884775e78d9b3c35e32e,0x3c337fa1bf8725f59f73db6db719c792c5e8ae74,2000000000000000000,100000,35000000000,0,,0x,,5021138,86757,11698021,0x,,2,sent,0x8c8d1170edec715723d0884775e78d9b3c35e32e
548,4277032,1505487177,0xcda126f0f7d11e5f30ddfe0c1170878b04462072b13634ec5ac336f94b103b6a,85,0xc2973e0eb7bc9de1ae80b4af76e9180bf566b1a14707ce30af479a0daf279517,166,0xb96d762978c528151c648b0c55c7c748c1409b04,0x8c8d1170edec715723d0884775e78d9b3c35e32e,1300000000000000000,25201,1000000000,0,,0x,,3557944,21000,11697878,0x,,1.3,received,0x8c8d1170edec715723d0884775e78d9b3c35e32e
549,4277035,1505487226,0x90ad8e4338f05c16d107f089b7ce17c068cb17fc766341ea7fca453d71ee0680,376,0x216dfb2b3e6275d97da8f9e556cc149dc129f0668411ac81825e86b02710cb34,82,0x8c8d1170edec715723d0884775e78d9b3c35e32e,0x3c337fa1bf8725f59f73db6db719c792c5e8ae74,1000000000000000000,100000,35000000000,0,,0x,,3843586,56757,11697875,0x,,1,sent,0x8c8d1170edec715723d0884775e78d9b3c35e32e
550,4278727,1505527410,0x8ceae9093d7528ca004ba81e8306c9f2a5c9133b64d997bbac8256af0235d989,4554,0x04f3f877683483c20a154c8d3757f0ffbf30948a7915a57dc4de73ebc905328f,189,0x180ba8f73897c0cb26d76265fc7868cfd936e617,0x8c8d1170edec715723d0884775e78d9b3c35e32e,461676314000000000,940000,25000000000,0,,0x,,4353976,21000,11696183,0x,,0.461676314,received,0x8c8d1170edec715723d0884775e78d9b3c35e32e
551,4279508,1505546379,0x4bfd9a7a82c445e69bae8ea67e80d80ec64cbd12ba04ed61ff8c8ef6f8eccf36,92,0x96699d7287ff5650606e9190a0d4ba22e53a7de322ccaa9d69cabdbc02203fe4,5,0x42ba2619d342ad90c71829b3da4a3279ac95e39d,0x8c8d1170edec715723d0884775e78d9b3c35e32e,2000000000000000000,23101,50000000001,0,,0x,,6500403,21000,11695402,0x,,2,received,0x8c8d1170edec715723d0884775e78d9b3c35e32e
552,4279526,1505546881,0x001f5c75d5151a2f60b70043663717eaf248e93023d0ed5861bae9781a881681,377,0xd852c1e89ebe19f17b4d528ab1190d0deaf1aceb9b63f83f5ca8d5bcb05f1c81,165,0x8c8d1170edec715723d0884775e78d9b3c35e32e,0x3c337fa1bf8725f59f73db6db719c792c5e8ae74,2500000000000000000,100000,35000000000,1,,0x,,5457737,100000,11695384,0x,,2.5,sent,0x8c8d1170edec715723d0884775e78d9b3c35e32e
553,4279573,1505548034,0xc861d0fc6d19b977d1661edb565a917a99d55682d8e3c4cf6aa068ec6ee3751d,378,0x0fb74f21587f126a2f50262511e913602d2ceb269310110582ba6d3dcbb83e29,149,0x8c8d1170edec715723d0884775e78d9b3c35e32e,0x3c337fa1bf8725f59f73db6db719c792c5e8ae74,300000000000000000,100000,35000000000,0,,0x,,5200707,56757,11695337,0x,,0.3,sent,0x8c8d1170edec715723d0884775e78d9b3c35e32e
554,4279696,1505551009,0x651d9435f1dfe4516013ee3c6bad2694f1dd3efaac8b5ebe523e615314034e99,379,0x41005a2f193222251033495b678cc35e6c964858b38f9b93ecdd2fc1afd9ebc9,32,0x8c8d1170edec715723d0884775e78d9b3c35e32e,0x42ba2619d342ad90c71829b3da4a3279ac95e39d,153800000000000000,25201,1000000000,0,,0x,,693055,21000,11695214,0x,,0.1538,sent,0x8c8d1170edec715723d0884775e78d9b3c35e32e
555,4280461,1505569683,0xecd2e5e149e1aebc1df0bd1b03f483d7212a28827ee4370f6002aadf1f208e6d,380,0xe852f3f0ed5229be64c9abc74e5312922e966104d661f84697bb15b5ef9d50a7,52,0x8c8d1170edec715723d0884775e78d9b3c35e32e,0x95677e6f180c2e1456fa9aafe87c52bc30a2b578,123000000000000000,25200,1000000000,0,,0x,,6518693,21000,11694449,0x,,0.123,sent,0x8c8d1170edec715723d0884775e78d9b3c35e32e
556,4280543,1505571669,0x9b3cb9576a16ebc8d1a0eb49e366f65df76892c38d0ffba45994ee3bacac83c5,381,0xc84699ebf4322f160dae1b6f3b53e2ba81dfc9bca54506acace9ddec3b5deb8c,12,0x8c8d1170edec715723d0884775e78d9b3c35e32e,0x3c337fa1bf8725f59f73db6db719c792c5e8ae74,2200000000000000000,100000,35000000000,1,,0x,,983010,100000,11694367,0x,,2.2,sent,0x8c8d1170edec715723d0884775e78d9b3c35e32e
557,4280579,1505572550,0x7cfb9499764bf8df31a8bff07d17d7c4484ea9577ecd8e3a1ca9698ceed9f412,382,0x3b77bca1fb895ee595a507b36078723bb70e4c87c3c766bd970616b5cdb17f6e,61,0x8c8d1170edec715723d0884775e78d9b3c35e32e,0x42ba2619d342ad90c71829b3da4a3279ac95e39d,900000000000000000,25201,1000000000,0,,0x,,6681936,21000,11694331,0x,,0.9,sent,0x8c8d1170edec715723d0884775e78d9b3c35e32e
558,4280597,1505573102,0xad66b66201bf956e060c85f39cee4caa22da278020ec070f8c0a94a90555bdfa,383,0x846c38cf219aee8d773adc2d03fca22545f17d4555f0b62b5e79e3447e217da1,37,0x8c8d1170edec715723d0884775e78d9b3c35e32e,0x0f5d2fb29fb7d3cfee444a200298f468908cc942,0,60000,1000000000,0,,0xa9059cbb00000000000000000000000042ba2619d342ad90c71829b3da4a3279ac95e39d00000000000000000000000000000000000000000000085a7dbfbe7a94740000,,983358,37313,11694313,0xa9059cbb,"transfer(address _to, uint256 _value)",0,sent,0x8c8d1170edec715723d0884775e78d9b3c35e32e
559,4282321,1505613881,0x5d85b8cb83ffaedf8ac32d5bff6609f31e3b011f0d956e153af77296b347ded5,4813,0x5bb5e680dd1e495712def050aa12a61c8b7205cd5c34f6c4d9dffac93ab8d4cb,189,0x180ba8f73897c0cb26d76265fc7868cfd936e617,0x8c8d1170edec715723d0884775e78d9b3c35e32e,466410179000000000,940000,22000001337,0,,0x,,4272767,21000,11692589,0x,,0.466410179,received,0x8c8d1170edec715723d0884775e78d9b3c35e32e
560,4283997,1505654108,0x887871c63c9bc5c186d16051e80a7880be12046c90e20e582fd2010e94425204,384,0xfa09f2267169e497c7ccf3617db1bab23ff47c8ee69cd0a49066c467dc98951d,90,0x8c8d1170edec715723d0884775e78d9b3c35e32e,0x95677e6f180c2e1456fa9aafe87c52bc30a2b578,123700000000000000,25200,1000000000,0,,0x,,6206597,21000,11690913,0x,,0.1237,sent,0x8c8d1170edec715723d0884775e78d9b3c35e32e
561,4284118,1505656518,0x21296564870252d071021b12b4d63f680b107dbcc153b12b8086c364299ccdc8,385,0x8a072304926d7376ce75bddf5176594acc07942bb799f0bc27b54e18249a880a,10,0x8c8d1170edec715723d0884775e78d9b3c35e32e,0x42ba2619d342ad90c71829b3da4a3279ac95e39d,155400000000000000,25200,1000000000,0,,0x,,602568,21000,11690792,0x,,0.1554,sent,0x8c8d1170edec715723d0884775e78d9b3c35e32e
562,4285963,1505700200,0xb199dd289c2f850cf586ad0dab666468b34ee5f0a63d379a23d2219e6f0fb48f,5060,0xd1221a551216cf9952f3213c6f63f1d0ef95f55bafac92a674d05bcf45765032,193,0x180ba8f73897c0cb26d76265fc7868cfd936e617,0x8c8d1170edec715723d0884775e78d9b3c35e32e,455669876000000000,940000,30000000000,0,,0x,,4335339,21000,11688947,0x,,0.455669876,received,0x8c8d1170edec715723d0884775e78d9b3c35e32e
563,4286990,1505725455,0xd0314a47b6cebffd64df48d8dbc2ea6937c9765146b7f1f1e2dcec4705a3c052,386,0xba2a2d87d4048fa92d59a41d9ed70ad7b1ddf44d39aab312bdd2cd3ae720fb96,30,0x8c8d1170edec715723d0884775e78d9b3c35e32e,0x42ba2619d342ad90c71829b3da4a3279ac95e39d,151800000000000000,25201,1000000000,0,,0x,,654000,21000,11687920,0x,,0.1518,sent,0x8c8d1170edec715723d0884775e78d9b3c35e32e
564,4289512,1505786532,0x764a5aea63df589fb22eff51eb10d0df98c98b00a6cf58b1c26323f1a133a7b9,5315,0xcb9640c6d43763a9ef661ac1a2186737a6f9eba5f68f65328390d86fbd8d3e1b,89,0x180ba8f73897c0cb26d76265fc7868cfd936e617,0x8c8d1170edec715723d0884775e78d9b3c35e32e,471630876000000000,940000,21000000000,0,,0x,,2491511,21000,11685398,0x,,0.471630876,received,0x8c8d1170edec715723d0884775e78d9b3c35e32e
565,4289820,1505794154,0xf1117b83e0bc213497c48389f32ed86180398f864b0c1fbec0c47bc447c69d81,387,0x5905ee67ed91dc637de83c7680a233bfc986ff034f450466eb43e3272d3509ef,14,0x8c8d1170edec715723d0884775e78d9b3c35e32e,0x42ba2619d342ad90c71829b3da4a3279ac95e39d,157200000000000000,25201,1000000000,0,,0x,,319200,21000,11685090,0x,,0.1572,sent,0x8c8d1170edec715723d0884775e78d9b3c35e32e
566,4293143,1505873086,0x0b171af0569e667badcd28eaf79101b9d12d96b232957070126ff0439c83414f,5582,0x927d2ad41d1a43b69fd04ad7c1f547e464d35923e5eb0c54a60a8cf3a84c22da,174,0x180ba8f73897c0cb26d76265fc7868cfd936e617,0x8c8d1170edec715723d0884775e78d9b3c35e32e,455301769000000000,940000,21000000000,0,,0x,,5166209,21000,11681767,0x,,0.455301769,received,0x8c8d1170edec715723d0884775e78d9b3c35e32e
567,4294018,1505893631,0x1a2c566b37f1a536e0486f6827f0508ad6b9174bbf38ac958390ee217ec866b4,388,0x65d32cd32b931e81dcb47237df2b1b582eadf65dd0d9e209552b23ae9038c986,11,0x8c8d1170edec715723d0884775e78d9b3c35e32e,0x42ba2619d342ad90c71829b3da4a3279ac95e39d,152000000000000000,25200,1000000000,0,,0x,,259051,21000,11680892,0x,,0.152,sent,0x8c8d1170edec715723d0884775e78d9b3c35e32e
568,4294061,1505894570,0x57407e1da4c01db1f6b737241b020fad4109bb512aab84dc465178b6c0066161,389,0x77f3ecec2f0e2dd0f857c0ff390b1bb0e6f3731786839b587eb7964d00ccd4fb,34,0x8c8d1170edec715723d0884775e78d9b3c35e32e,0x73d14632518a6c0f2840a7a971eedb02d636c0a0,2100000000000000000,25201,1000000000,0,,0x,,735102,21000,11680849,0x,,2.1,sent,0x8c8d1170edec715723d0884775e78d9b3c35e32e
569,4294594,1505907379,0xbffe6bed021bd8be10f2562bc237c7520574b5419276cbcb9d099f02f201de1d,24677,0x813d18745ac175f9e4181b1968c537e273515a636f2be8394c32e7ca25a25e65,48,0x38570825d2c35db1b5fc603b1215dcfe1607bfb4,0x8c8d1170edec715723d0884775e78d9b3c35e32e,3490000000000000000,21001,12000000000,0,,0x,,2082934,21000,11680316,0x,,3.49,received,0x8c8d1170edec715723d0884775e78d9b3c35e32e
570,4296760,1505959964,0x62f9b5195558edc4f58870383e9a43da6d95e373dddbfdd6e687032e1e4d16ac,5855,0x91cd2c01f3cb6f69ae436c981419ef868103a3dec88725aeefb61ec4ccb5e1ab,97,0x180ba8f73897c0cb26d76265fc7868cfd936e617,0x8c8d1170edec715723d0884775e78d9b3c35e32e,449717594000000000,940000,21000000000,0,,0x,,2540033,21000,11678150,0x,,0.449717594,received,0x8c8d1170edec715723d0884775e78d9b3c35e32e
571,4296779,1505960381,0x9067c1a558d4aa2e08f296015154d26264d39fb116cc5a39e33d74b1bc503bd0,390,0x3c4dee78988be72e4b8512c3bf5c33ec73285ef8e0adaa11c222793b6789d223,32,0x8c8d1170edec715723d0884775e78d9b3c35e32e,0x42ba2619d342ad90c71829b3da4a3279ac95e39d,150000000000000000,25201,1000000000,0,,0x,,693000,21000,11678131,0x,,0.15,sent,0x8c8d1170edec715723d0884775e78d9b3c35e32e
572,4297095,1505967809,0x7eb758efc766fabaec0b9c7e26b5b59769d412cd90aa5a45489925ffbfa6d7d5,32194,0xa98760310437014abf6b2a3f9a981f90590fad41790cf6003cef113efc541f57,76,0x0e3508c8de4a863c874918840894bc9e7d56d582,0x8c8d1170edec715723d0884775e78d9b3c35e32e,4773445220000000000,90000,26622278219,0,,0x,,2489863,21000,11677815,0x,,4.77344522,received,0x8c8d1170edec715723d0884775e78d9b3c35e32e
573,4300360,1506045732,0xef9adaade1219e7827fc4835582e15d9d734a4678d0c00c7281c7b536be339ff,6116,0x921d94cf8a251431df274a239858810ca24885749eac8a4a5793dbdf0f6c95f4,4,0x180ba8f73897c0cb26d76265fc7868cfd936e617,0x8c8d1170edec715723d0884775e78d9b3c35e32e,433823339000000000,940000,21000000000,0,,0x,,105000,21000,11674550,0x,,0.433823339,received,0x8c8d1170edec715723d0884775e78d9b3c35e32e
574,4300820,1506058573,0x3c057090d7a4f1e70eb926f708439aef5cd8d27acfbe475f449ed4670df0fe96,391,0x3423cf29cd949834ba562f7635864083d408c81fb029ff2f147625df1fa7b4c5,48,0x8c8d1170edec715723d0884775e78d9b3c35e32e,0x42ba2619d342ad90c71829b3da4a3279ac95e39d,144600000000000000,25200,1000000000,0,,0x,,1047512,21000,11674090,0x,,0.1446,sent,0x8c8d1170edec715723d0884775e78d9b3c35e32e
575,4303333,1506132550,0x3b633c4666cdb776e13590d44cbd89e885e8806e5411d303f7904199a80f91f1,6360,0x60adbd58fe7cdaa41883ed7f91907cf2b054f9824b1e697ee28ef371f95cc4ab,26,0x180ba8f73897c0cb26d76265fc7868cfd936e617,0x8c8d1170edec715723d0884775e78d9b3c35e32e,357198351000000000,940000,21000000000,0,,0x,,1022261,21000,11671577,0x,,0.357198351,received,0x8c8d1170edec715723d0884775e78d9b3c35e32e
576,4303609,1506140342,0xdd0d244a2ba1f2096981a473ff3cf9e291881b8eee545a87aeb7dcf4e7e4afab,392,0xaa568f9ab2ed8fdc21cdc445a51a3ad6fcbd561ce9d45080aa8efdba2b9f78b5,34,0x8c8d1170edec715723d0884775e78d9b3c35e32e,0x42ba2619d342ad90c71829b3da4a3279ac95e39d,119000000000000000,25201,1000000000,0,,0x,,735000,21000,11671301,0x,,0.119,sent,0x8c8d1170edec715723d0884775e78d9b3c35e32e
577,4303853,1506147768,0x92ecca37a02ec2debc32035f914b8a76cf95f73823a188999edbc6f81da96e3b,393,0x72f7ad5d85d53e3971510b02a2f2a2300c99ee82aa79e91a62f1370aefdc33c4,100,0x8c8d1170edec715723d0884775e78d9b3c35e32e,0x7151053d79df1979f91ffd145a6ff284ef15e3c8,9000000000000000000,25200,1000000000,0,,0x,,2125251,21000,11671057,0x,,9,sent,0x8c8d1170edec715723d0884775e78d9b3c35e32e
578,4306233,1506219386,0xb4d84838b4a1faf2ce1fc54c6ab08eaaa7f1d41955f341d81ee1472c3299092c,6590,0x5503909d6dcd00574d21c0cf01b7df538a45b461a3a87db526704ff389c15ce3,142,0x180ba8f73897c0cb26d76265fc7868cfd936e617,0x8c8d1170edec715723d0884775e78d9b3c35e32e,370366488000000000,940000,21000000000,0,,0x,,5149979,21000,11668677,0x,,0.370366488,received,0x8c8d1170edec715723d0884775e78d9b3c35e32e
579,4306946,1506240218,0x1bbeb29b76587233ac84221b061ed1c13f4f9dc899f1cd54d11563248fd20ec3,394,0xe69c30040ea813922a2e94ee006cba1248ea2bd80bceeaa59215a3cd08ef1f25,89,0x8c8d1170edec715723d0884775e78d9b3c35e32e,0x42ba2619d342ad90c71829b3da4a3279ac95e39d,123400000000000000,25200,1000000000,0,,0x,,1894102,21000,11667964,0x,,0.1234,sent,0x8c8d1170edec715723d0884775e78d9b3c35e32e
580,4309194,1506306049,0x5a6dee956a4b3ec899d886840d4f87df2808268d3168a5f640c94470ebe0db1f,6831,0x20ff48204d122df0aab840da8a393f3f70ae02d7467c4d0e6934c68b9febee55,33,0x180ba8f73897c0cb26d76265fc7868cfd936e617,0x8c8d1170edec715723d0884775e78d9b3c35e32e,373060628000000000,940000,20000000000,0,,0x,,726756,21000,11665716,0x,,0.373060628,received,0x8c8d1170edec715723d0884775e78d9b3c35e32e
581,4309964,1506330326,0xdcd0b9d062775f4b34bf33809f7daf16d6deb82078d99e76e466e541ebe198b1,395,0xe53d533ce4416ab1fac84fe37f0b5a6f967491388afac4f1ee5781089de866db,19,0x8c8d1170edec715723d0884775e78d9b3c35e32e,0x42ba2619d342ad90c71829b3da4a3279ac95e39d,123400000000000000,25200,1000000000,0,,0x,,438512,21000,11664946,0x,,0.1234,sent,0x8c8d1170edec715723d0884775e78d9b3c35e32e
582,4312011,1506391573,0xe6bb2ec91d32c4740c97469b8e27fb1ef75a34f02c38a4257fe5352737e9c6b5,7076,0x392ddd621f43d4f722be8efe70d46eef224e64917a3d248eabeffe7b41f7fa95,103,0x180ba8f73897c0cb26d76265fc7868cfd936e617,0x8c8d1170edec715723d0884775e78d9b3c35e32e,377832974000000000,940000,21000000000,0,,0x,,2196807,21000,11662899,0x,,0.377832974,received,0x8c8d1170edec715723d0884775e78d9b3c35e32e
583,4312840,1506416443,0xb01e4523276c2676619ade03757371a4f33eb72f5b19bea940c81b4f18c73813,396,0x818ebb0c78dfce1d65bcca1e24ae8d4256f5c7d365da76dd7ee5027a977e2c6b,28,0x8c8d1170edec715723d0884775e78d9b3c35e32e,0x9d9fec05b193dc9fc442ca5d3966e0fda72639ce,500000000000000000,25200,1000000000,0,,0x,,614484,21000,11662070,0x,,0.5,sent,0x8c8d1170edec715723d0884775e78d9b3c35e32e
584,4312857,1506417022,0x6f1a47d9798c89d011d8c63c7720f7cf99743ee24e64c2c7396e248dda56e7ea,397,0xe7e2ec2a43d98118b726532f4ce0b7ebdb5f60f6219a64df82419dd1bc8aca9b,23,0x8c8d1170edec715723d0884775e78d9b3c35e32e,0x42ba2619d342ad90c71829b3da4a3279ac95e39d,125900000000000000,25201,1000000000,0,,0x,,507051,21000,11662053,0x,,0.1259,sent,0x8c8d1170edec715723d0884775e78d9b3c35e32e
585,4313140,1506425704,0xa8266a534ce422fb59e7458ac9344e8c840e6e47a39f41eb3ba28a528942385d,95,0xca3683ea5a44780db5a54233383dc379d1334a487d8173aaa1d61308ba1d6e4e,64,0x42ba2619d342ad90c71829b3da4a3279ac95e39d,0x8c8d1170edec715723d0884775e78d9b3c35e32e,500000000000000000,23100,21000000000,0,,0x,,5902867,21000,11661770,0x,,0.5,received,0x8c8d1170edec715723d0884775e78d9b3c35e32e
586,4314958,1506480635,0xce94ac9ac13eb2c440274665ba7f66613db3701cfe53a9e98aefc870ac0bd67c,7317,0x1b5c87972a44f2bc0af1e5aecf505875c42d29d4292c7f5bf7d88338ae3898d5,137,0x180ba8f73897c0cb26d76265fc7868cfd936e617,0x8c8d1170edec715723d0884775e78d9b3c35e32e,375568044000000000,940000,21000000000,0,,0x,,3833618,21000,11659952,0x,,0.375568044,received,0x8c8d1170edec715723d0884775e78d9b3c35e32e
587,4315247,1506488628,0x5e10d37f217b9c6b3197043194ebf48949d44814969b521d36d2a3ea629f76cc,398,0xb3eaf30ed9f6360f1620ecef85f36fa05faeb98e30bc1bad2ea1c47dfc24eff3,23,0x8c8d1170edec715723d0884775e78d9b3c35e32e,0x42ba2619d342ad90c71829b3da4a3279ac95e39d,123400000000000000,25200,1000000000,0,,0x,,507859,21000,11659663,0x,,0.1234,sent,0x8c8d1170edec715723d0884775e78d9b3c35e32e
588,4317807,1506564548,0xbf657cd3a7ba1ab305a5e20a005bb607a2c2f5856a1f898ea36da95684c5177c,7557,0xbac6d1cfd363f41ef0ddfeceaaedaae7a9f5346a2ce9781a24d29f15a64c45f5,91,0x180ba8f73897c0cb26d76265fc7868cfd936e617,0x8c8d1170edec715723d0884775e78d9b3c35e32e,369422500000000000,940000,21000000000,0,,0x,,1932102,21000,11657103,0x,,0.3694225,received,0x8c8d1170edec715723d0884775e78d9b3c35e32e
589,4318193,1506576308,0x984bde3c9b602ec705f511182b7655687a3ad6deef52438393a25c19dfc3aad7,399,0x65dc64e19e394657305cdfce9e3f155868460f1145bcbf07af4c3e08637a7850,68,0x8c8d1170edec715723d0884775e78d9b3c35e32e,0x42ba2619d342ad90c71829b3da4a3279ac95e39d,123100000000000000,25201,1000000000,0,,0x,,6706326,21000,11656717,0x,,0.1231,sent,0x8c8d1170edec715723d0884775e78d9b3c35e32e
590,4320636,1506651109,0x6b36d89b1f4b9cdf8f36c4a2a1231b1457c9265e3a092a1282a5e4ffc97d7747,7810,0x2b45f7793dca05033c53d5aa962dd02e1f4a3cf9891fc83dec1d94f096842162,107,0x180ba8f73897c0cb26d76265fc7868cfd936e617,0x8c8d1170edec715723d0884775e78d9b3c35e32e,372723419000000000,940000,20770773051,0,,0x,,2301234,21000,11654274,0x,,0.372723419,received,0x8c8d1170edec715723d0884775e78d9b3c35e32e
591,4320846,1506658152,0xd2e3013075d03638b92a6fb388f787c2192ed789eefe05be6d37abc380426be7,400,0xda495df3192372b3c8055f2d8072d55a05cc2579dc570e3584844084e446ec0b,30,0x8c8d1170edec715723d0884775e78d9b3c35e32e,0x42ba2619d342ad90c71829b3da4a3279ac95e39d,124200000000000000,25200,1000000000,0,,0x,,651000,21000,11654064,0x,,0.1242,sent,0x8c8d1170edec715723d0884775e78d9b3c35e32e
592,4323493,1506737507,0x4750f6dfc35dd9964336047f27b1fde5b44e262880091996bb19813ab1b789e1,8059,0xa165ed6e7b3d861801443a0b798391eb223f79578cf26f089eef8cf42fa39ee9,144,0x180ba8f73897c0cb26d76265fc7868cfd936e617,0x8c8d1170edec715723d0884775e78d9b3c35e32e,383579131000000000,940000,20000000000,0,,0x,,4233363,21000,11651417,0x,,0.383579131,received,0x8c8d1170edec715723d0884775e78d9b3c35e32e
593,4324394,1506766443,0x27978e717ff582e99e8c8db69feefeaa6a090f90457eb984892900f8dd46fa11,401,0xb3a8ed7eef7ad5e20ae619c082235656f1227f844ecd08203565cf5321837f0e,16,0x8c8d1170edec715723d0884775e78d9b3c35e32e,0x42ba2619d342ad90c71829b3da4a3279ac95e39d,127800000000000000,25201,1000000000,0,,0x,,357400,21000,11650516,0x,,0.1278,sent,0x8c8d1170edec715723d0884775e78d9b3c35e32e
594,4326305,1506823855,0xbeb4f9771952d46e33f32880e0db61920922c2dc702a545308ca92378969e43b,8316,0x77d81fbd7e1b3ccf4c5b1a1e470875b85fab201ae16b38657ad288d6074ce23b,106,0x180ba8f73897c0cb26d76265fc7868cfd936e617,0x8c8d1170edec715723d0884775e78d9b3c35e32e,396245993000000000,940000,21000000000,0,,0x,,4497841,21000,11648605,0x,,0.396245993,received,0x8c8d1170edec715723d0884775e78d9b3c35e32e
595,4326482,1506829158,0x86b4b50286fb7e23043df4c606435dbcdd3a06785c4679b67789030d37604da4,402,0x313c697d022404c5949d98814993ee98a23130731cf696bc4aaad372d8206834,79,0x8c8d1170edec715723d0884775e78d9b3c35e32e,0x42ba2619d342ad90c71829b3da4a3279ac95e39d,132000000000000000,25201,1000000000,0,,0x,,6640965,21000,11648428,0x,,0.132,sent,0x8c8d1170edec715723d0884775e78d9b3c35e32e
596,4329172,1506910021,0xedb6285a54c5a8f822855b96e33895f278a75e9b663148426943c0e9a21ecf5e,8547,0x7c32c7310dce352e61d9526753985319d338447e2b581a41de2c1a04994ded0a,98,0x180ba8f73897c0cb26d76265fc7868cfd936e617,0x8c8d1170edec715723d0884775e78d9b3c35e32e,381430709000000000,940000,21000000000,0,,0x,,2091756,21000,11645738,0x,,0.381430709,received,0x8c8d1170edec715723d0884775e78d9b3c35e32e
597,4329240,1506911891,0x483ffb67f3244d2e7efbd120bf27a95361b6368f50c85207212f0fa91c35151d,403,0xb4678c7385080db81358d11b7cbe54af0a4f3db7d3955af4ab4d2ab984a47001,167,0x8c8d1170edec715723d0884775e78d9b3c35e32e,0x1d082d45172c5860bf85f900a036ee7292ea45af,2600000000000000000,25200,8812500000,0,,0x,,6345201,21000,11645670,0x,,2.6,sent,0x8c8d1170edec715723d0884775e78d9b3c35e32e
598,4332042,1506997273,0xc72f2e6f55d8614ad4964f0b9cc9570bc9f6dc7db9703ade040338d8114568f2,404,0xf24bf9bd5a574cec3e79293e9fae9aff370b407e79c383b85fbac9871674cc62,81,0x8c8d1170edec715723d0884775e78d9b3c35e32e,0x42ba2619d342ad90c71829b3da4a3279ac95e39d,127100000000000000,25200,1000000000,0,,0x,,1727520,21000,11642868,0x,,0.1271,sent,0x8c8d1170edec715723d0884775e78d9b3c35e32e
599,4332076,1506998201,0x2c408da44cd9662d6c6338d7ab636d0d4b898ee264efea24e2265784f278850d,8804,0xaae0c07ac1de1d7386dcab99c0bbbb3cfba46c31e215631a1545a7f96f858a70,82,0x180ba8f73897c0cb26d76265fc7868cfd936e617,0x8c8d1170edec715723d0884775e78d9b3c35e32e,373778447000000000,940000,20000000000,0,,0x,,3594858,21000,11642834,0x,,0.373778447,received,0x8c8d1170edec715723d0884775e78d9b3c35e32e
600,4332547,1507012918,0xf7d7e23019657fda5c3c5a1a5e046121114e582f5f08e64dec32a9425427c5f9,405,0xec4345cfd32b6dcb7e69b5991a09eb03453446525bb74618582732baa25f6e66,169,0x8c8d1170edec715723d0884775e78d9b3c35e32e,0x42ba2619d342ad90c71829b3da4a3279ac95e39d,124600000000000000,25200,2562500000,0,,0x,,3607228,21000,11642363,0x,,0.1246,sent,0x8c8d1170edec715723d0884775e78d9b3c35e32e
601,4334920,1507083570,0x643063944648b12c23d30e72eab39a2bc284d4dcd0ccef50fcc9e321f7764e3f,9037,0xa2b2ffb6da385569f5820c041030e0c42dd49df02a637806ac2ae3c44c254e7c,108,0x180ba8f73897c0cb26d76265fc7868cfd936e617,0x8c8d1170edec715723d0884775e78d9b3c35e32e,373259464000000000,940000,21000000000,0,,0x,,4579154,21000,11639990,0x,,0.373259464,received,0x8c8d1170edec715723d0884775e78d9b3c35e32e
602,4335189,1507092197,0xd772c36b83bb4afa88c8280f70a737f2a7af4bb7b54d4b99f0911a4cee4265e7,406,0xe9a10dc555896b22092454f4e74ca13517d23553c0d4e839b97bcefdd9fa5023,30,0x8c8d1170edec715723d0884775e78d9b3c35e32e,0x42ba2619d342ad90c71829b3da4a3279ac95e39d,124400000000000000,25200,1000000000,0,,0x,,659200,21000,11639721,0x,,0.1244,sent,0x8c8d1170edec715723d0884775e78d9b3c35e32e
603,4337780,1507169267,0xb9f1869131f3d722e626f567b69b39579d93d64e49308188e4d4e7afd3c2aaa3,9290,0x85c60d170093a4ef7c69740e13296d2ff6cc044b15b6a03e608230acfbfa0e1a,25,0x180ba8f73897c0cb26d76265fc7868cfd936e617,0x8c8d1170edec715723d0884775e78d9b3c35e32e,357597974000000000,940000,20000000000,0,,0x,,547423,21000,11637130,0x,,0.357597974,received,0x8c8d1170edec715723d0884775e78d9b3c35e32e
604,4338278,1507184052,0x8373ef0fda43ba569abdba5a6166d1be1263449613955752d6508fd6ab2815d5,407,0x76af388091c61e2b548483b9ae18a812b7420b1dbb668b8b8ee1d6c9592ffae5,33,0x8c8d1170edec715723d0884775e78d9b3c35e32e,0x42ba2619d342ad90c71829b3da4a3279ac95e39d,119000000000000000,25200,1000000000,0,,0x,,759501,21000,11636632,0x,,0.119,sent,0x8c8d1170edec715723d0884775e78d9b3c35e32e
605,4340731,1507257444,0x8b24b1867d9e2adb1f789f78b017df1e6fc1175484691e75cf509c55d91a822b,9544,0x44886ffc2b2870333fb3e354c16a0fae3e14bcbfdbb1dcde34b16b5559ad3d34,60,0x180ba8f73897c0cb26d76265fc7868cfd936e617,0x8c8d1170edec715723d0884775e78d9b3c35e32e,365445776000000000,940000,21000000000,0,,0x,,1281000,21000,11634179,0x,,0.365445776,received,0x8c8d1170edec715723d0884775e78d9b3c35e32e
606,4341134,1507269547,0xac82077a255ce80015dacafd424869e09cca727e7cde25a7974f6dbd9baf8cc9,408,0xf71aed88dfce3430d3f96b0ca9cef263129cb81b0012066ecaebd6e5afef4c95,17,0x8c8d1170edec715723d0884775e78d9b3c35e32e,0x42ba2619d342ad90c71829b3da4a3279ac95e39d,121800000000000000,25200,1000000000,0,,0x,,382251,21000,11633776,0x,,0.1218,sent,0x8c8d1170edec715723d0884775e78d9b3c35e32e
607,4343575,1507342430,0x3e61c1759a1ce3c9007a7874c1bbb7c74a4d3ce05fffb61bf9342ba36106e83e,9783,0x0abf71f42949958e8ba4e2a4e40172a2720fdce873b456d027fcab8076aae364,168,0x180ba8f73897c0cb26d76265fc7868cfd936e617,0x8c8d1170edec715723d0884775e78d9b3c35e32e,366297498000000000,940000,21000000000,0,,0x,,5402693,21000,11631335,0x,,0.366297498,received,0x8c8d1170edec715723d0884775e78d9b3c35e32e
608,4343835,1507350417,0x7c903485d1ce3ea239dad89dd30c0f26e8993c9b111882a8846b20cb74762eb3,409,0x204ed483a8ed2ee6acb2f27526ae222c70f9855948d650407d3fbbe136098a54,81,0x8c8d1170edec715723d0884775e78d9b3c35e32e,0x42ba2619d342ad90c71829b3da4a3279ac95e39d,122000000000000000,25200,1000000000,0,,0x,,6694440,21000,11631075,0x,,0.122,sent,0x8c8d1170edec715723d0884775e78d9b3c35e32e
609,4346403,1507428613,0x68364d7aba66af40cbfd54b09dcb9174a38ab30c662c214f21c993a59422a66f,10029,0xbbe34dd78164b41b3b31738fa43b7b20b42e59dabdd9bb4de1635d369f784234,53,0x180ba8f73897c0cb26d76265fc7868cfd936e617,0x8c8d1170edec715723d0884775e78d9b3c35e32e,370923112000000000,940000,21000000000,0,,0x,,3060335,21000,11628507,0x,,0.370923112,received,0x8c8d1170edec715723d0884775e78d9b3c35e32e
610,4346989,1507446016,0xbfc007426a809b5184804313eb2517b405352c5465d8382f860800017a29efc1,410,0xee3268189f3ed7c3647a3c6083929777cff57b04978b44f91f8dee07d515c440,78,0x8c8d1170edec715723d0884775e78d9b3c35e32e,0x42ba2619d342ad90c71829b3da4a3279ac95e39d,123600000000000000,25200,1000000000,0,,0x,,1751662,21000,11627921,0x,,0.1236,sent,0x8c8d1170edec715723d0884775e78d9b3c35e32e
611,4349322,1507515141,0x389e6695715fbba983be5621de4efecc1bb695592aafb5937277b64874aa150d,10290,0xcdb542a699fef3f189a68ca4c671ad8cd431bc618d1c4d256ec1c27a368458c5,154,0x180ba8f73897c0cb26d76265fc7868cfd936e617,0x8c8d1170edec715723d0884775e78d9b3c35e32e,352772156000000000,940000,21000000000,0,,0x,,4027892,21000,11625588,0x,,0.352772156,received,0x8c8d1170edec715723d0884775e78d9b3c35e32e
612,4349488,1507520409,0xddbb89cbaa8644a6948066af357fa34526e51df5f13a5c56cf9c7d34dc7530c4,411,0x0b4db590943b1fa9440213673150e513dfaca0a97cbc9c9d2d39bb170b33244c,45,0x8c8d1170edec715723d0884775e78d9b3c35e32e,0x42ba2619d342ad90c71829b3da4a3279ac95e39d,117500000000000000,25200,1000000000,0,,0x,,970319,21000,11625422,0x,,0.1175,sent,0x8c8d1170edec715723d0884775e78d9b3c35e32e
613,4352160,1507601552,0xe956d23fa63dcda34948850e1ff793bd397670396d9b105799fa09cfdd5aaa11,10530,0x0cc1f3a01e7e99f7983612ec76dc4a12cc1c9fc2f5c03f5c3d9131a054e3125b,187,0x180ba8f73897c0cb26d76265fc7868cfd936e617,0x8c8d1170edec715723d0884775e78d9b3c35e32e,348765472000000000,940000,21000000000,0,,0x,,5786736,21000,11622750,0x,,0.348765472,received,0x8c8d1170edec715723d0884775e78d9b3c35e32e
614,4352587,1507613644,0xe25e459c23bfc53c7f3bee77172471bad4dab1e5b935a0cadbbc248eacff12db,412,0x886360a11511b4f44a4131b5727093ac1dc220bf6b3a83f12682f0f0290b8cc3,21,0x8c8d1170edec715723d0884775e78d9b3c35e32e,0x42ba2619d342ad90c71829b3da4a3279ac95e39d,116200000000000000,25200,1000000000,0,,0x,,462000,21000,11622323,0x,,0.1162,sent,0x8c8d1170edec715723d0884775e78d9b3c35e32e
615,4352827,1507621515,0x09ecece4ac0b4d2f717233564fecdc1af1be6e4d7997ef8b2e6ffbcab07aa5b3,413,0xc77b90575af15ca1c0a6d96aaa89b820fd9cabe17c906a0cbda0695630f1f804,13,0x8c8d1170edec715723d0884775e78d9b3c35e32e,0x1d082d45172c5860bf85f900a036ee7292ea45af,2100000000000000000,25200,1000000000,0,,0x,,294000,21000,11622083,0x,,2.1,sent,0x8c8d1170edec715723d0884775e78d9b3c35e32e
616,4355091,1507687726,0x3265de6bfb62cc1d8e8aa52cedd1d35c25f2476fdb24a63b6285c600c4ade89a,10795,0x70fafb05f299cabf4b882d0657bad877b4081e9bc5f7ae3e7cba48196a3f3319,83,0x180ba8f73897c0cb26d76265fc7868cfd936e617,0x8c8d1170edec715723d0884775e78d9b3c35e32e,346532554000000000,940000,20000000000,0,,0x,,2955387,21000,11619819,0x,,0.346532554,received,0x8c8d1170edec715723d0884775e78d9b3c35e32e
617,4355319,1507694608,0x4b5115835ee29d8deca8c8659897d71535723a53f24a329237fc5007228db336,414,0x0edba28faf70f84390c4bae4c38d9f2083e74111dc7493964159a340c9b763a4,103,0x8c8d1170edec715723d0884775e78d9b3c35e32e,0x42ba2619d342ad90c71829b3da4a3279ac95e39d,115500000000000000,25200,1000000000,0,,0x,,2225832,21000,11619591,0x,,0.1155,sent,0x8c8d1170edec715723d0884775e78d9b3c35e32e
618,4357991,1507773906,0xb139a326157eb813c1abba8860595cdc139ebbf3f41b2ec65ab9fa971521c998,11032,0xff0d9c2d392f70ac29bb327a709b5327e133323948fd6f088e4eab709680a230,49,0x180ba8f73897c0cb26d76265fc7868cfd936e617,0x8c8d1170edec715723d0884775e78d9b3c35e32e,331479259000000000,940000,22284624259,0,,0x,,1050000,21000,11616919,0x,,0.331479259,received,0x8c8d1170edec715723d0884775e78d9b3c35e32e
619,4358098,1507777663,0x54654c5632ba69b53a4f3506f988c682eb734a943a2a752ce45578126a130af1,415,0xad53f80e8f6890864c7a00817dce446403fff568e17889f3d0b2a2cb47b38718,41,0x8c8d1170edec715723d0884775e78d9b3c35e32e,0x42ba2619d342ad90c71829b3da4a3279ac95e39d,110500000000000000,25201,1000000000,0,,0x,,883535,21000,11616812,0x,,0.1105,sent,0x8c8d1170edec715723d0884775e78d9b3c35e32e
620,4360879,1507860128,0xbf38501b1d313f9e965181aec0c9b8edd8897180b070c9f2961ea5bcc18e7274,11277,0x493b96474a6a37f0d30d154b69b383e597da48cebc8b3140e3c43189b95e60a2,123,0x180ba8f73897c0cb26d76265fc7868cfd936e617,0x8c8d1170edec715723d0884775e78d9b3c35e32e,359640417000000000,940000,21000000000,0,,0x,,3019141,21000,11614031,0x,,0.359640417,received,0x8c8d1170edec715723d0884775e78d9b3c35e32e
621,4361491,1507878181,0x2967b14d6b5444d0a4845f7714fc1ec0029ad65234fcb59cc524d381dda158b6,416,0x2aa933e692dd158f560637f2995121cb63bd5c7ce971185f21b08a60bb08ef38,265,0x8c8d1170edec715723d0884775e78d9b3c35e32e,0x42ba2619d342ad90c71829b3da4a3279ac95e39d,119800000000000000,25201,1000000000,0,,0x,,5645081,21000,11613419,0x,,0.1198,sent,0x8c8d1170edec715723d0884775e78d9b3c35e32e
622,4363816,1507947651,0x14c562681fd333df60f29ac14dca2816fae4bd554ac385b0e2edd3f8a470e9ea,11521,0xa85423e7442ade239f4c484d71d2b0ca6a58e7142971ff0fdf8a250a2d1d60a3,182,0x180ba8f73897c0cb26d76265fc7868cfd936e617,0x8c8d1170edec715723d0884775e78d9b3c35e32e,319494878000000000,940000,24000000000,0,,0x,,4984810,21000,11611094,0x,,0.319494878,received,0x8c8d1170edec715723d0884775e78d9b3c35e32e
623,4364218,1507959341,0xf2abd8c0d6c4e335913457da5e5ae0cb64200776db67566ea8e6d2d26e693262,417,0x6ab93c1dab7565bc48d868c916f29fc21909383eaf51b05baebcab55c3242315,141,0x8c8d1170edec715723d0884775e78d9b3c35e32e,0x42ba2619d342ad90c71829b3da4a3279ac95e39d,106400000000000000,25201,1000000000,0,,0x,,3207143,21000,11610692,0x,,0.1064,sent,0x8c8d1170edec715723d0884775e78d9b3c35e32e
624,4366694,1508033612,0xf412cfa6afb6f333b871161d513da503d140709b176e6ecbc02593dbac46d903,11785,0x76817ecc6df6581c83d67951e9af26331ddc15aa6afe4f0c0707ca24b93da053,29,0x180ba8f73897c0cb26d76265fc7868cfd936e617,0x8c8d1170edec715723d0884775e78d9b3c35e32e,363746698000000000,940000,21000000000,0,,0x,,1455230,21000,11608216,0x,,0.363746698,received,0x8c8d1170edec715723d0884775e78d9b3c35e32e
625,4366747,1508035110,0xa8a49e3b921f8711b5513707f841a330624c701e3c9152b6529f416d7ba87ff2,418,0x4836a519924fc3fc7a55d09d0fe08554bb9866cec2955e8c1853883d78bd7503,52,0x8c8d1170edec715723d0884775e78d9b3c35e32e,0x42ba2619d342ad90c71829b3da4a3279ac95e39d,121200000000000000,25200,1000000000,0,,0x,,1178317,21000,11608163,0x,,0.1212,sent,0x8c8d1170edec715723d0884775e78d9b3c35e32e
626,4369634,1508120434,0x39aa3c8bf06abe5fc8650ab97544cd9f53809ce10075e1e7a7978e8843e5f2c6,12020,0x3c24b7efc5aed6e3df353d0e3925c3b9b88d646545639f628d0fd595f89622ba,163,0x180ba8f73897c0cb26d76265fc7868cfd936e617,0x8c8d1170edec715723d0884775e78d9b3c35e32e,353411923000000000,940000,21000000000,0,,0x,,3906740,21000,11605276,0x,,0.353411923,received,0x8c8d1170edec715723d0884775e78d9b3c35e32e
627,4369762,1508124067,0x3b69bb4e4fd5f0768d817b3966e213d1d0b91b7caff7cb8423dceb66c91b5c06,419,0x642ed86dcee8074eaec16050e2893cdadf43b473698dcaebf35b96363d6f1b04,24,0x8c8d1170edec715723d0884775e78d9b3c35e32e,0x42ba2619d342ad90c71829b3da4a3279ac95e39d,117800000000000000,25200,1000000000,0,,0x,,525000,21000,11605148,0x,,0.1178,sent,0x8c8d1170edec715723d0884775e78d9b3c35e32e
628,4374399,1508205002,0xe4012e4ef6ff16c3612dd853194a670b1085ce25ebdfa0fe455c3dadef5ad132,119,0x59f86ebfecc40a786a20ab854b5c5bd2f178452b1b969cece41d5043a20dd8c3,0,0x58cedce4df7f4f4fc239c418b58b2f79210d2206,0x8c8d1170edec715723d0884775e78d9b3c35e32e,440000000000000000,21000,50000000000,0,1,0x,,21000,21000,11600511,0x,,0.44,received,0x8c8d1170edec715723d0884775e78d9b3c35e32e
629,4374441,1508205739,0xc2c3df71501a6cc909b7f5df4546a0c031fb23f075080ddeb1b04144d97c3220,12268,0x3d5c81848db517ae9434f707a1d5e3a87673044cef4ce832c2bc52e4d9681291,41,0x180ba8f73897c0cb26d76265fc7868cfd936e617,0x8c8d1170edec715723d0884775e78d9b3c35e32e,368917002000000000,940000,10000000000,0,1,0x,,4807625,21000,11600469,0x,,0.368917002,received,0x8c8d1170edec715723d0884775e78d9b3c35e32e
630,4374791,1508211184,0xcad79a4cf523f4c6121e52c619c290b81b954319a5d9e27a1a9954fa0dfda81a,420,0xd95e7c2b174fe8fd1fae200b880d658377e3fbe809deaf0ad2dc7c924a2ab9d1,47,0x8c8d1170edec715723d0884775e78d9b3c35e32e,0x42ba2619d342ad90c71829b3da4a3279ac95e39d,122900000000000000,25200,1000000000,0,1,0x,,3022857,21000,11600119,0x,,0.1229,sent,0x8c8d1170edec715723d0884775e78d9b3c35e32e
631,4380488,1508292149,0x8ddd6a5f413559e0e28c07a86fd9f8c42a55d6cd622b55a11c0822e089080f21,12574,0xea98981afef2947aa9e15ced28d787b4603343e9d06845fcffab63c62f1005ee,150,0x180ba8f73897c0cb26d76265fc7868cfd936e617,0x8c8d1170edec715723d0884775e78d9b3c35e32e,461056530000000000,940000,10000000000,0,1,0x,,3593457,21000,11594422,0x,,0.46105653,received,0x8c8d1170edec715723d0884775e78d9b3c35e32e
632,4380541,1508292838,0x82eeec43f0f9df094148eff1181262ef02eafa0ec793da580b445f777859334c,421,0x4b626f700746bdd7b2f2e1ebce650a7791ebf20f8f5f3049b57d2c503fda3f0b,56,0x8c8d1170edec715723d0884775e78d9b3c35e32e,0x42ba2619d342ad90c71829b3da4a3279ac95e39d,153660000000000000,25200,1000000000,0,1,0x,,2408225,21000,11594369,0x,,0.15366,sent,0x8c8d1170edec715723d0884775e78d9b3c35e32e
633,4386712,1508378535,0x1834bb92631e6c8ca4134b8aae0d7c88e7df54e354730458a24ee54a29d8dda6,12867,0x06e2a3ce44c7c0fcde03969e32caeb84af48df91dd5f576ebc91a3de0190dc28,68,0x180ba8f73897c0cb26d76265fc7868cfd936e617,0x8c8d1170edec715723d0884775e78d9b3c35e32e,463282795000000000,940000,9100001337,0,1,0x,,2304748,21000,11588198,0x,,0.463282795,received,0x8c8d1170edec715723d0884775e78d9b3c35e32e
634,4386810,1508379811,0x21dcb1ae73cde6534508acb20052df4ac6317ddf8f3af1f4c4a6cf875e34592d,422,0x5b3f7bcba4b2a812a36f1b2eb93c03666a1131afada7f30b2b8da911ca35a569,42,0x8c8d1170edec715723d0884775e78d9b3c35e32e,0x42ba2619d342ad90c71829b3da4a3279ac95e39d,154400000000000000,25200,1000000000,0,1,0x,,4822517,21000,11588100,0x,,0.1544,sent,0x8c8d1170edec715723d0884775e78d9b3c35e32e
635,4386820,1508379978,0xdb87f702dc6ab7f70ed57f46d3952a9f0b90b225b26bdd2b43dbd8bc789b4063,423,0xd0afa56d75d66840c157e05fb0b51a88229ab35315c2ffc7c955c5639697ad4e,10,0x8c8d1170edec715723d0884775e78d9b3c35e32e,0x4517adac7f700e17617245f66805f90436e19ec7,2600000000000000000,450000,21000000000,0,1,0x,,396781,85148,11588090,0x,,2.6,sent,0x8c8d1170edec715723d0884775e78d9b3c35e32e
636,4392936,1508464960,0x6a63d4a00a772da7ff57494c84902dcf3a1a7150c1ee04aa38614f02125233a1,13126,0xb2e0ef22e5bcd61105b3e92b6062468e1f097b7a10441f1859d29611053877c9,136,0x180ba8f73897c0cb26d76265fc7868cfd936e617,0x8c8d1170edec715723d0884775e78d9b3c35e32e,445883200000000000,940000,4000000000,0,1,0x,,3813375,21000,11581974,0x,,0.4458832,received,0x8c8d1170edec715723d0884775e78d9b3c35e32e
637,4393229,1508469154,0x0f16625529e8fd6e0a16ebfb9ec9e7b6710791beebd012feb23ac0100ef99984,424,0xc6b3b1a0fd5f6116ba850b997b8b1e201a9d7f8e5dff1bb5ce8a6bfbf02909a0,40,0x8c8d1170edec715723d0884775e78d9b3c35e32e,0x42ba2619d342ad90c71829b3da4a3279ac95e39d,148600000000000000,25200,2250000000,0,1,0x,,2177979,21000,11581681,0x,,0.1486,sent,0x8c8d1170edec715723d0884775e78d9b3c35e32e
638,4399209,1508551304,0x3783d5cda5567b95e1cb52ecec4115c76b241828afdeb5a66c304dcf3ca3daaa,13431,0xfc31400cdbc180feb86db4dada0d65964f61b9589277d406d8186fe87d593165,153,0x180ba8f73897c0cb26d76265fc7868cfd936e617,0x8c8d1170edec715723d0884775e78d9b3c35e32e,434783929000000000,940000,4000000000,0,1,0x,,4423607,21000,11575701,0x,,0.434783929,received,0x8c8d1170edec715723d0884775e78d9b3c35e32e
639,4399482,1508555119,0x989cdd53af3b5fd524a14ed5955525535e453cdf581ec95442465fc295b498d9,425,0x8d2e1fe92a9f01838737327ce7e7452b41d987ecaf55c66b80e9da590d29d049,11,0x8c8d1170edec715723d0884775e78d9b3c35e32e,0x42ba2619d342ad90c71829b3da4a3279ac95e39d,144900000000000000,25200,1000000000,0,1,0x,,252000,21000,11575428,0x,,0.1449,sent,0x8c8d1170edec715723d0884775e78d9b3c35e32e
640,4405429,1508637719,0x01a3461b5a9cb993603788703af30a858f63cf7db54012092edb0846d63bb38c,13726,0xd0c18c2dcfc4e6a69bda22c89d6d7d494f0e87aaf671d3c470f2491d150f4916,111,0x180ba8f73897c0cb26d76265fc7868cfd936e617,0x8c8d1170edec715723d0884775e78d9b3c35e32e,431212144000000000,940000,4000000000,0,1,0x,,3021873,21000,11569481,0x,,0.431212144,received,0x8c8d1170edec715723d0884775e78d9b3c35e32e
641,4405601,1508639901,0xc741ca97676604f17bb760ca4a3b0d35d90b6328d7350d7e4f95ca506d2b3c73,426,0x028cb5b481c8fec587d2e7399068df8aa3bcb6be5c6d9da05bb936d496873689,80,0x8c8d1170edec715723d0884775e78d9b3c35e32e,0x42ba2619d342ad90c71829b3da4a3279ac95e39d,144000000000000000,25200,1000000000,0,1,0x,,3093216,21000,11569309,0x,,0.144,sent,0x8c8d1170edec715723d0884775e78d9b3c35e32e
642,4411684,1508724126,0x2c3ba77d150d92f30d2f21b7f265785962794b4ecc4199872eaa134f365458e2,14024,0xd5bb11df6786ca029076780688e4ab05f8201d6949355acbb8e35cd3fd379203,124,0x180ba8f73897c0cb26d76265fc7868cfd936e617,0x8c8d1170edec715723d0884775e78d9b3c35e32e,425864523000000000,940000,8000000000,0,1,0x,,5591729,21000,11563226,0x,,0.425864523,received,0x8c8d1170edec715723d0884775e78d9b3c35e32e
643,4412599,1508736880,0xf0451552c9d06ed736742e49dc5dbf84e53efc9aa291ea9e5e71ffd0c3874ad8,427,0xdab5461e3a6a6631b309d29577c2d5743b37b5259b70efbcaa7c803a3eedee72,115,0x8c8d1170edec715723d0884775e78d9b3c35e32e,0x42ba2619d342ad90c71829b3da4a3279ac95e39d,141900000000000000,25200,1000000000,0,1,0x,,4704274,21000,11562311,0x,,0.1419,sent,0x8c8d1170edec715723d0884775e78d9b3c35e32e
644,4417965,1508810581,0xeac9eaa0cb1003ceecab0934467b7cc9fa60800e7054608f0f0f0ba9f0b2ea34,14329,0xd6e4e5f64436fc17916cdf6116aae4207298b07d169261dcf54eedbc23473518,36,0x180ba8f73897c0cb26d76265fc7868cfd936e617,0x8c8d1170edec715723d0884775e78d9b3c35e32e,434553974000000000,940000,20000000000,0,1,0x,,4406501,21000,11556945,0x,,0.434553974,received,0x8c8d1170edec715723d0884775e78d9b3c35e32e
645,4418636,1508820111,0xf9f75d6d89a6f6d152f4f7df544b259e117422991ac43409f813ac6ad7fe79d1,428,0xe1cc1e0874282618480b1c07443b052f82b81b162eae9dc5cabf2d590077e23e,3,0x8c8d1170edec715723d0884775e78d9b3c35e32e,0x42ba2619d342ad90c71829b3da4a3279ac95e39d,144800000000000000,25200,1000000000,0,1,0x,,84000,21000,11556274,0x,,0.1448,sent,0x8c8d1170edec715723d0884775e78d9b3c35e32e
646,4424211,1508896959,0x6c8a3009e6cdc86cf0ed1c1d8778979e2ea980148296b46a42cee20aa4bff9d2,14633,0x32ee14df1092728a9f3acbe2dfce0a5dd283943a6510af45d0e3b33806626a3d,86,0x180ba8f73897c0cb26d76265fc7868cfd936e617,0x8c8d1170edec715723d0884775e78d9b3c35e32e,295667627000000000,940000,4000000000,0,1,0x,,1864063,21000,11550699,0x,,0.295667627,received,0x8c8d1170edec715723d0884775e78d9b3c35e32e
647,4424363,1508899309,0xc65ef40d13e140c44ad443c629a2f2727a39432cc16a48c5f989fbfb60ccf0ca,429,0xab7a043227f51f153cdc91ca22919d26707c8fdc2c335297d28a12ee3204254d,70,0x8c8d1170edec715723d0884775e78d9b3c35e32e,0x42ba2619d342ad90c71829b3da4a3279ac95e39d,98500000000000000,25200,1000000000,0,1,0x,,3674426,21000,11550547,0x,,0.0985,sent,0x8c8d1170edec715723d0884775e78d9b3c35e32e
648,4430361,1508983346,0x5f1306aba56268f3a59d8129ea1170020bacf212d5e94d830e29f1255f66ea23,14923,0x609dd35e1cb7e126306c7b698b67880d849b9128bee3bd3315b5561eca567765,153,0x180ba8f73897c0cb26d76265fc7868cfd936e617,0x8c8d1170edec715723d0884775e78d9b3c35e32e,430332516000000000,940000,8000000000,0,1,0x,,5631359,21000,11544549,0x,,0.430332516,received,0x8c8d1170edec715723d0884775e78d9b3c35e32e
649,4430526,1508985752,0x5ec0199f49781f6e2d1a155f03289aa99c60e216cddd59ec2579b0d125b29232,430,0x9ffd72b0d47af2813e12d8fb612bb8d9b940e11a13dbdf0ba99e14bd61a244df,65,0x8c8d1170edec715723d0884775e78d9b3c35e32e,0x42ba2619d342ad90c71829b3da4a3279ac95e39d,143400000000000000,25200,100000000,0,1,0x,,5800892,21000,11544384,0x,,0.1434,sent,0x8c8d1170edec715723d0884775e78d9b3c35e32e
650,4436513,1509069731,0x6fd2139c46d172485751519b8a242e784dcf9ecf5255d405e964429e540e796e,15230,0xb913420403d1ffcc50680b100f4e83a9031b24e39e21e61f43d74f9077f0f621,119,0x180ba8f73897c0cb26d76265fc7868cfd936e617,0x8c8d1170edec715723d0884775e78d9b3c35e32e,438401548000000000,940000,4000000000,0,1,0x,,4731506,21000,11538397,0x,,0.438401548,received,0x8c8d1170edec715723d0884775e78d9b3c35e32e
651,4436546,1509070161,0x0d53171950b2a54a8419871f41ce227f76b0c07e1291f8bd89ff9881844759a3,431,0x5d592308b34f2f553d37c08d15dcdd9fbb124e898e2130b8e1404f7f1b7785bc,74,0x8c8d1170edec715723d0884775e78d9b3c35e32e,0x42ba2619d342ad90c71829b3da4a3279ac95e39d,146100000000000000,25200,100000000,0,1,0x,,6193102,21000,11538364,0x,,0.1461,sent,0x8c8d1170edec715723d0884775e78d9b3c35e32e
652,4442763,1509156186,0x27bd336492c1b4d5a1f9063b81712f491042de4145f47efbf2b462c0c40c9bc7,15532,0xc73a659d39bb2d73b50854691e99193b05f5bfc0e669369fe8bf5afd31d01f69,80,0x180ba8f73897c0cb26d76265fc7868cfd936e617,0x8c8d1170edec715723d0884775e78d9b3c35e32e,408157252000000000,940000,1000000000,0,1,0x,,3069452,21000,11532147,0x,,0.408157252,received,0x8c8d1170edec715723d0884775e78d9b3c35e32e
653,4443974,1509172612,0x0d48966e5cf5ade692912f091e0e79560be02f363455e4a7b26b47cc684f40aa,432,0x6bcfe3783b1e988a83d2871648e6bf0b36be0ded38067909b76c83cdfc00bfa5,126,0x8c8d1170edec715723d0884775e78d9b3c35e32e,0x42ba2619d342ad90c71829b3da4a3279ac95e39d,136000000000000000,25200,100000000,0,1,0x,,6680902,21000,11530936,0x,,0.136,sent,0x8c8d1170edec715723d0884775e78d9b3c35e32e
654,4449014,1509242508,0x83d1b3021d5dac984de4b3c0760e05c82956df915af8036f7323d9dde9ad6ec3,15827,0xbbe90307eaac6adb9de71877cd48c6882f8ca48802bedd596e4c4c057436f897,43,0x180ba8f73897c0cb26d76265fc7868cfd936e617,0x8c8d1170edec715723d0884775e78d9b3c35e32e,434644137000000000,940000,4000000000,0,1,0x,,1243171,21000,11525896,0x,,0.434644137,received,0x8c8d1170edec715723d0884775e78d9b3c35e32e
655,4449595,1509251172,0x28d9dd816d3e9728904edd00f9c4ddeb30921ee556ef4d2ecfb0b784e7aeff8f,433,0xdd5b061c20c646fdc974d2c83d65cf30df1be3659442f3a073efed1ebd26e9b8,62,0x8c8d1170edec715723d0884775e78d9b3c35e32e,0x42ba2619d342ad90c71829b3da4a3279ac95e39d,144800000000000000,25200,100000000,0,1,0x,,5110189,21000,11525315,0x,,0.1448,sent,0x8c8d1170edec715723d0884775e78d9b3c35e32e
656,4455165,1509328938,0x936cb0ae69b3f7a54dd1669d40673059adae2ef97d66ad829f0c92729226b41a,16139,0x8fb177bdf48d671aa1b3e5347a1a33aa506b5f29b480eb69f96f987e26004783,50,0x180ba8f73897c0cb26d76265fc7868cfd936e617,0x8c8d1170edec715723d0884775e78d9b3c35e32e,446720515000000000,940000,6000000000,0,1,0x,,1440507,21000,11519745,0x,,0.446720515,received,0x8c8d1170edec715723d0884775e78d9b3c35e32e
657,4455244,1509330365,0x04ebae6d794ce9c0ccf75b16bee5078d9df7174403286cdad4faaeb55c5d0b7d,434,0x73970dd94438aecc704bb9525cdce6ed3c9010af90c099d0219ae8ba60f78cc0,63,0x8c8d1170edec715723d0884775e78d9b3c35e32e,0x42ba2619d342ad90c71829b3da4a3279ac95e39d,148900000000000000,25200,100000000,0,1,0x,,6631884,21000,11519666,0x,,0.1489,sent,0x8c8d1170edec715723d0884775e78d9b3c35e32e
658,4455764,1509337682,0xa25a24f38d7abe5bc74c350ec1b75651de4ac70be4f171e94e7933b0c0c1efb5,435,0x622c3513e7637842b530c967a9b83dc8ca7449aadfaf5c1557dd0f180a0479ea,101,0x8c8d1170edec715723d0884775e78d9b3c35e32e,0x8074e7dd9b6e546410827e57681c140140b5081e,3100000000000000000,25200,100000000,0,1,0x,,6199348,21000,11519146,0x,,3.1,sent,0x8c8d1170edec715723d0884775e78d9b3c35e32e
659,4461275,1509415369,0xcfb864824105b48675273c412045f44383c3ccfacb8e6545abb3f3ee37f5d6a8,16449,0xe6d3044e6bf6d08763d0bb155a072465449f3bf58d26e15ccfe6cad3b6b07566,39,0x180ba8f73897c0cb26d76265fc7868cfd936e617,0x8c8d1170edec715723d0884775e78d9b3c35e32e,441879555000000000,940000,4000000000,0,1,0x,,1223215,21000,11513635,0x,,0.441879555,received,0x8c8d1170edec715723d0884775e78d9b3c35e32e
660,4461516,1509418750,0x86d715ccb076e0feabff5b7c12f7ce42cff20a499176aef7febad0089ec32977,436,0x101354e7625fc951570b64c376d2198f650cd5ed749d5d9d08af670d263b8c59,70,0x8c8d1170edec715723d0884775e78d9b3c35e32e,0x42ba2619d342ad90c71829b3da4a3279ac95e39d,147300000000000000,25200,100000000,0,1,0x,,6699934,21000,11513394,0x,,0.1473,sent,0x8c8d1170edec715723d0884775e78d9b3c35e32e
661,4467537,1509501860,0xd58306deab09dcb6342305ce0970ddc19bee43774a87be3648d68a6f3d54e212,16848,0x3a11169558a47cf2a832309b3665965b47904f4415dd14e936d87124bd27accb,40,0x180ba8f73897c0cb26d76265fc7868cfd936e617,0x8c8d1170edec715723d0884775e78d9b3c35e32e,437559635000000000,940000,8000000000,0,1,0x,,1040902,21000,11507373,0x,,0.437559635,received,0x8c8d1170edec715723d0884775e78d9b3c35e32e
662,4467739,1509504664,0x860e313ea5d74e7b9f4e1b1734b6e1a50856696a31d7228ce797aca17c6f8ada,437,0xb00a81bf69ca66b97eaf4654085f8b941d9e7ec8c7558f271cfcf8c3f4f82d89,89,0x8c8d1170edec715723d0884775e78d9b3c35e32e,0x42ba2619d342ad90c71829b3da4a3279ac95e39d,145800000000000000,25200,100000000,0,1,0x,,6699653,21000,11507171,0x,,0.1458,sent,0x8c8d1170edec715723d0884775e78d9b3c35e32e
663,4473663,1509588220,0xf220fe8e098b9fa96086a0d9bd412b327f686fa88588e26971bbcfbb8255e9c3,17405,0x127a0d30fccff8c42b49d8f285842b2d96ed9800e32ed71b9de4e5628112b48b,127,0x180ba8f73897c0cb26d76265fc7868cfd936e617,0x8c8d1170edec715723d0884775e78d9b3c35e32e,409011700000000000,940000,20000000000,0,1,0x,,5294778,21000,11501247,0x,,0.4090117,received,0x8c8d1170edec715723d0884775e78d9b3c35e32e
664,4474524,1509600441,0x793b1f88d7a43f7199f4499c614eaf1e6480888849fe4bc9e6c041fc919dabd7,438,0xa1d53f268783d1c7c20539ac54d791d30893413aca0f76512486108d777b47f0,87,0x8c8d1170edec715723d0884775e78d9b3c35e32e,0x42ba2619d342ad90c71829b3da4a3279ac95e39d,136300000000000000,25200,100000000,0,1,0x,,6698807,21000,11500386,0x,,0.1363,sent,0x8c8d1170edec715723d0884775e78d9b3c35e32e
665,4479789,1509674614,0x195009bcc5eece20e70416359daa8dbbd9e3b061213ee146ecb54ea3f91008aa,17778,0x20a174d8e8e52496409b81da20275b39cb642d632b7d54cec818d65aea7688a8,72,0x180ba8f73897c0cb26d76265fc7868cfd936e617,0x8c8d1170edec715723d0884775e78d9b3c35e32e,443629973000000000,940000,10000000000,0,1,0x,,2303808,21000,11495121,0x,,0.443629973,received,0x8c8d1170edec715723d0884775e78d9b3c35e32e
666,4480269,1509681143,0xd36e1407317cdc17f0dfaf26262e75a2420d125d995fc30407c8238b88e8ed8f,439,0xece267ef87c9d1032ebb7f4e4fd93a0ec630e6b68f2812538b0ca7d0fda299e2,93,0x8c8d1170edec715723d0884775e78d9b3c35e32e,0x42ba2619d342ad90c71829b3da4a3279ac95e39d,147800000000000000,25200,100000000,0,1,0x,,4757606,21000,11494641,0x,,0.1478,sent,0x8c8d1170edec715723d0884775e78d9b3c35e32e
667,4481456,1509697459,0x61486fcbd2869eb8389601cef3d0c93b674eff76ead4ced1949e2d3a287f0cd9,100,0x1ca4d4aacc06d54e18736e22e144a5e68be162d0f9ae3e127957ef22378ea3b3,48,0x42ba2619d342ad90c71829b3da4a3279ac95e39d,0x8c8d1170edec715723d0884775e78d9b3c35e32e,4000000000000000000,23100,5000000000,0,1,0x,,2330993,21000,11493454,0x,,4,received,0x8c8d1170edec715723d0884775e78d9b3c35e32e
668,4481597,1509699250,0xbdf8a0883e817cefb72f88611d01fd0a8a41f8ebf66ccf9452fa1b04aa7730a3,440,0x20a71b5d7ea410e73efd871be657a1a748cab8d8bf4ab95acfcb8cedac67f03a,153,0x8c8d1170edec715723d0884775e78d9b3c35e32e,0xca05d85a0bd9ac1e9d73db23aa6b9f88ff937542,5000000000000000000,25200,100000000,0,1,0x,,6510844,21000,11493313,0x,,5,sent,0x8c8d1170edec715723d0884775e78d9b3c35e32e
669,4486040,1509761069,0x64487f6a460563a9eb4c13e7aaf2e1648f01cd0c531ea55d53d5e1c2f1aaa582,18179,0x643e1dc0514770fe09ace937c107d764c6124f90140099ed319ec888bc91a2ca,75,0x180ba8f73897c0cb26d76265fc7868cfd936e617,0x8c8d1170edec715723d0884775e78d9b3c35e32e,447808927000000000,940000,4000000000,0,1,0x,,1882523,21000,11488870,0x,,0.447808927,received,0x8c8d1170edec715723d0884775e78d9b3c35e32e
670,4486208,1509763329,0x54b00eefc6942fa53adf01d4c218f763669ae6f0df77761e4b3393afba84466b,441,0xdd700b4d4c0c692da85950d0d7e2f6542083fdb5065e8c14b8754efc63c60f33,122,0x8c8d1170edec715723d0884775e78d9b3c35e32e,0x42ba2619d342ad90c71829b3da4a3279ac95e39d,149200000000000000,25200,100000000,0,1,0x,,5772871,21000,11488702,0x,,0.1492,sent,0x8c8d1170edec715723d0884775e78d9b3c35e32e
671,4486444,1509766906,0x67a73fdde2fb95673c53acf7540402ab9d7a952b7c5f92ec9597424eb611437f,442,0xedf6b74f35ae50d1c17a3416e844dc8fdbcdbd5b8ead900c08c70f591f0f76c1,40,0x8c8d1170edec715723d0884775e78d9b3c35e32e,0xca05d85a0bd9ac1e9d73db23aa6b9f88ff937542,250000000000000000,25200,100000000,0,1,0x,,4179800,21000,11488466,0x,,0.25,sent,0x8c8d1170edec715723d0884775e78d9b3c35e32e
672,4488734,1509798728,0xe488bf38c5f8d7cf9b5cfffdd1906df22414236b4316bb3c62ac347033f2dbba,60345,0xaf82727b41dec98153baef2f12499dc61d8e66f990efe62dab51c1912315f6c1,4,0x296e781bbb0179b032cbcc31e4b6cdab724b2773,0x8c8d1170edec715723d0884775e78d9b3c35e32e,4990000000000000000,90000,27500000000,0,1,0x,,184915,21000,11486176,0x,,4.99,received,0x8c8d1170edec715723d0884775e78d9b3c35e32e
673,4492265,1509847419,0x70fe041ac8a2993c49aca0a2ce6a16e7c3f0ce0c26a37f969c513bd9f539ed02,18570,0x032a1a1b698c8b16bdcd53d834322c8c3eca2efc7ac2db9dfb622d29d826abdd,100,0x180ba8f73897c0cb26d76265fc7868cfd936e617,0x8c8d1170edec715723d0884775e78d9b3c35e32e,447566618000000000,940000,4000000000,0,1,0x,,3295456,21000,11482645,0x,,0.447566618,received,0x8c8d1170edec715723d0884775e78d9b3c35e32e
674,4492320,1509847997,0x44ac5ae29815273034cb3979eaf15f460d761056dd7379fcb4da3fac06baa87f,443,0x640ff1541c8952256220ffb0067168d5936acc7d3ff8b503017cac8d5a58aec2,75,0x8c8d1170edec715723d0884775e78d9b3c35e32e,0x42ba2619d342ad90c71829b3da4a3279ac95e39d,149100000000000000,25200,100000000,0,1,0x,,3239018,21000,11482590,0x,,0.1491,sent,0x8c8d1170edec715723d0884775e78d9b3c35e32e
675,4492882,1509855862,0xbbabe87c0898b9161cd6ee9f8ca1855444c6b4e3ba185ae0656bc5b989d19039,444,0x07ec149ff02e6cfae9afe847b9cba3a59573cf97392dbde9b43dfde0ae8af8af,117,0x8c8d1170edec715723d0884775e78d9b3c35e32e,0xca05d85a0bd9ac1e9d73db23aa6b9f88ff937542,5250000000000000000,25200,100000000,0,1,0x,,5470279,21000,11482028,0x,,5.25,sent,0x8c8d1170edec715723d0884775e78d9b3c35e32e
676,4498559,1509933799,0xc65f4d367ed9f0301723724c610b2133cdd8f18c6b29fcebee585b6494336786,18977,0x781d5a7f626549995d2df8e48771ce3084a6f4e6fb4be1b734d907a5004f7cf3,74,0x180ba8f73897c0cb26d76265fc7868cfd936e617,0x8c8d1170edec715723d0884775e78d9b3c35e32e,436222272000000000,940000,4000000000,0,1,0x,,2890022,21000,11476351,0x,,0.436222272,received,0x8c8d1170edec715723d0884775e78d9b3c35e32e
677,4498772,1509936704,0xd4f246392b6e53c5f4e7d0b00cbd9171e885c4615756e35af03a2428bd9d8318,445,0xad14d26cbc0e14a6ba77d4869c2eec530cb76108a5aff08eb8866013d84b5694,137,0x8c8d1170edec715723d0884775e78d9b3c35e32e,0x42ba2619d342ad90c71829b3da4a3279ac95e39d,145400000000000000,25200,100000000,0,1,0x,,6695279,21000,11476138,0x,,0.1454,sent,0x8c8d1170edec715723d0884775e78d9b3c35e32e
678,4504709,1510020200,0x767d2102cad840d655ad0ab845bda58c67d5a79882392ab3bcd4fbf5f59317ec,19348,0x128b3d8b4268df9b3b9b538ccb887fc084cd3b8d6b806bb7955c44f2de7a9c4d,78,0x180ba8f73897c0cb26d76265fc7868cfd936e617,0x8c8d1170edec715723d0884775e78d9b3c35e32e,442382693000000000,940000,4000000000,0,1,0x,,5568183,21000,11470201,0x,,0.442382693,received,0x8c8d1170edec715723d0884775e78d9b3c35e32e
679,4504955,1510023646,0xff1bc3d4eb5637d08926067699607669e385197bef5df8731aaa59cc8114d779,446,0x7d6e789b4b63c45f030c052a3911a07517aaab246ceb093405e0b433384cc9d8,37,0x8c8d1170edec715723d0884775e78d9b3c35e32e,0x42ba2619d342ad90c71829b3da4a3279ac95e39d,147400000000000000,25200,100000000,0,1,0x,,2990849,21000,11469955,0x,,0.1474,sent,0x8c8d1170edec715723d0884775e78d9b3c35e32e
680,4510940,1510106585,0xbad00e05287dd98df1878fab014bbea2c8dba23ba51ae490cdc6ea8bc27259c2,19751,0xa277651b153a3b660110ef769ce4b1be870c5df847572495165fe0e9eb4c91ec,53,0x180ba8f73897c0cb26d76265fc7868cfd936e617,0x8c8d1170edec715723d0884775e78d9b3c35e32e,429777116000000000,940000,10000000000,0,1,0x,,2981115,21000,11463970,0x,,0.429777116,received,0x8c8d1170edec715723d0884775e78d9b3c35e32e
681,4511228,1510110375,0xb0294eaace0fc68dd7d0dd67ffb2781e5f139cf674fca6d9c64126bbd28ca44c,447,0xc6ec72a2dd9677fc3b5eea8ac8e99ac1b05a0b6fd60c19f66717e8fd57aa2a67,84,0x8c8d1170edec715723d0884775e78d9b3c35e32e,0x42ba2619d342ad90c71829b3da4a3279ac95e39d,141800000000000000,25200,100000000,0,1,0x,,6375714,21000,11463682,0x,,0.1418,sent,0x8c8d1170edec715723d0884775e78d9b3c35e32e
682,4517188,1510192984,0x3daec53dbd8092f4cbc4020793c1f38dd3930e4df44b1dc69fe6c7b0378988c7,20134,0xfded7e4c9de4650e100006c523ab628961b52c99871eefb99c4464a476a91dd6,10,0x180ba8f73897c0cb26d76265fc7868cfd936e617,0x8c8d1170edec715723d0884775e78d9b3c35e32e,415013000000000000,940000,20000000000,0,1,0x,,332733,21000,11457722,0x,,0.415013,received,0x8c8d1170edec715723d0884775e78d9b3c35e32e
683,4517426,1510196266,0xcfa693364c39f4caeae868155ddc4d2b75e70afbcc763262618702c43758c415,448,0xfd54450fc355e2b1c4b7667db4e2b5cc947e106bf7ad4d65a46acd1988c76ad3,119,0x8c8d1170edec715723d0884775e78d9b3c35e32e,0x42ba2619d342ad90c71829b3da4a3279ac95e39d,135500000000000000,25200,100000000,0,1,0x,,6646676,21000,11457484,0x,,0.1355,sent,0x8c8d1170edec715723d0884775e78d9b3c35e32e
684,4523373,1510279391,0x96e7b26fb1199041c8501b92fe886a37665e084331b009e71e6b3a493658e9ba,20544,0xdaac84493b96b1376d82c43919e13c5d077a3ad00ce9d8c6ab99469f8d9a0bdb,85,0x180ba8f73897c0cb26d76265fc7868cfd936e617,0x8c8d1170edec715723d0884775e78d9b3c35e32e,453945949000000000,940000,10000000000,0,1,0x,,3021659,21000,11451537,0x,,0.453945949,received,0x8c8d1170edec715723d0884775e78d9b3c35e32e
685,4523647,1510282867,0x037c77f759808861dd6653ea332f60a89f2e33dbb46ac17a8cddf941775c143d,449,0x5e8e076657d43095f83fcb406eef4c56a11c08fb8d6c193f0af1a13adf0d6687,11,0x8c8d1170edec715723d0884775e78d9b3c35e32e,0x42ba2619d342ad90c71829b3da4a3279ac95e39d,148200000000000000,25200,100000000,0,1,0x,,720938,21000,11451263,0x,,0.1482,sent,0x8c8d1170edec715723d0884775e78d9b3c35e32e
686,4529646,1510365788,0x2006ab32c8fd626c314838f6a8e4b5450b01be09948f21db6fa9688081b7bb11,20958,0xf8a0a38dfd56d020d04f100047a8212b4f52402f980273018f15918ac5c427aa,26,0x180ba8f73897c0cb26d76265fc7868cfd936e617,0x8c8d1170edec715723d0884775e78d9b3c35e32e,439800293000000000,940000,18000000000,0,1,0x,,945051,21000,11445264,0x,,0.439800293,received,0x8c8d1170edec715723d0884775e78d9b3c35e32e
687,4529856,1510368789,0x36c93c25a4ae740306213e510b2e623e64510db67cb222d4b3e7d368bcb501b4,450,0xffc57a3cc6a757e154a0799ad8ef1fb7ea3d2b9abc176847cf682cd72247d4f2,23,0x8c8d1170edec715723d0884775e78d9b3c35e32e,0x42ba2619d342ad90c71829b3da4a3279ac95e39d,143600000000000000,25200,100000000,0,1,0x,,6419236,21000,11445054,0x,,0.1436,sent,0x8c8d1170edec715723d0884775e78d9b3c35e32e
688,4535921,1510452190,0xf7294f6aa79de36e33e3d3acda685044779ef5cfa9ec267c5d942ea960d3fc03,21355,0xa9f80ec20fe5cd5a8e7b7185dcfb09d8786d15edaddbca8856ebda4d3a4d482e,11,0x180ba8f73897c0cb26d76265fc7868cfd936e617,0x8c8d1170edec715723d0884775e78d9b3c35e32e,255379061000000000,940000,20000000000,0,1,0x,,312984,21000,11438989,0x,,0.255379061,received,0x8c8d1170edec715723d0884775e78d9b3c35e32e
689,4536922,1510465869,0x2b826f4e22c96c8ca765123d00567ec9cc154ec02d4267f1c7e38bb80368abb4,451,0x4a55b2b781fa7a1fbc24470d1e60eccd7528a8389d4f15cfeafa9d76814caeaa,22,0x8c8d1170edec715723d0884775e78d9b3c35e32e,0xb6b2e89d76be7ddadd042ba28278aa82a7aa07e8,2300000000000000000,25200,100000000,0,1,0x,,6601662,21000,11437988,0x,,2.3,sent,0x8c8d1170edec715723d0884775e78d9b3c35e32e
690,4542152,1510538586,0x86ac0738ec9029c3ed00355a0a9f29946110a62706e76449ef2a897aacac4eaa,21756,0xbdb142cc507ea28864815f83b501d6c5f00e26a786656f49e6fabd324e5d68d2,25,0x180ba8f73897c0cb26d76265fc7868cfd936e617,0x8c8d1170edec715723d0884775e78d9b3c35e32e,366492830000000000,940000,20000000000,0,1,0x,,681294,21000,11432758,0x,,0.36649283,received,0x8c8d1170edec715723d0884775e78d9b3c35e32e
691,4542503,1510543112,0x9cb494f80d517d931db1817c7da0967e03d942868baa6ad1125ea4d6312279c0,452,0x87c353ff80111254e0ef470b2c476b091a4ec947d60f2eaa8c6aea7aedbd55bb,67,0x8c8d1170edec715723d0884775e78d9b3c35e32e,0x42ba2619d342ad90c71829b3da4a3279ac95e39d,202000000000000000,25200,100000000,0,1,0x,,6486678,21000,11432407,0x,,0.202,sent,0x8c8d1170edec715723d0884775e78d9b3c35e32e
692,4548411,1510624983,0x33f6030e10ba81e22ea63bb1f78686807f75b628f7b17b30c6176dfd16ade5c4,22157,0x92f6a33de66f635f8b94a057cc2c50596b0a6dce5d7fdf8f2708c033458da308,13,0x180ba8f73897c0cb26d76265fc7868cfd936e617,0x8c8d1170edec715723d0884775e78d9b3c35e32e,439355772000000000,940000,20000000000,0,1,0x,,341404,21000,11426499,0x,,0.439355772,received,0x8c8d1170edec715723d0884775e78d9b3c35e32e
693,4548985,1510633411,0xfb3b53916da6174183c1fa66f78e4f73b0f5a5319da7a565d82f405036d2fc8b,453,0x7ce0adcfb75db4e98dfebd04db608c34e00d4170879d4f69d07db47f998327ce,35,0x8c8d1170edec715723d0884775e78d9b3c35e32e,0x42ba2619d342ad90c71829b3da4a3279ac95e39d,146400000000000000,25200,100000000,0,1,0x,,5395188,21000,11425925,0x,,0.1464,sent,0x8c8d1170edec715723d0884775e78d9b3c35e32e
694,4554538,1510711396,0x5f90e311cf4bc22caeea33fd1b8fcf2b4860fe296de75b781a85ebb3955cffc1,22537,0x8eefb0274b75e586fa3ec3c296be262e6518d29119839177ca64d58836b9e3ac,60,0x180ba8f73897c0cb26d76265fc7868cfd936e617,0x8c8d1170edec715723d0884775e78d9b3c35e32e,436811762000000000,940000,20000000000,0,1,0x,,1453996,21000,11420372,0x,,0.436811762,received,0x8c8d1170edec715723d0884775e78d9b3c35e32e
695,4555031,1510718107,0x246035eb85a7226611f485e2bf1616ed4b6a5da62d4818e127dcf0998b9d2389,454,0xe46ac83d82e639c4b27b29a2ef971d025db203058a8bc6b3ec36181969554fd7,87,0x8c8d1170edec715723d0884775e78d9b3c35e32e,0x42ba2619d342ad90c71829b3da4a3279ac95e39d,142600000000000000,25200,100000000,0,1,0x,,6446878,21000,11419879,0x,,0.1426,sent,0x8c8d1170edec715723d0884775e78d9b3c35e32e
696,4560764,1510797873,0x2799c85b3034341d2a529a3e2cce633d45b057ba0783def55878c9ed3db0ef48,22945,0x1ac14a87c785b1cc4e4bbb7cf4b43811e10dbf6033b3f3c8a13ae9abad7a1e1e,125,0x180ba8f73897c0cb26d76265fc7868cfd936e617,0x8c8d1170edec715723d0884775e78d9b3c35e32e,381520287000000000,940000,20000000000,0,1,0x,,3867394,21000,11414146,0x,,0.381520287,received,0x8c8d1170edec715723d0884775e78d9b3c35e32e
697,4561090,1510802460,0xdb8faed70ed71a22ee8d2eb1a9685e2c44cd2bb91e121ab7f950a43cdb2d6082,455,0x755533b61058df4b5676622aa3889ee83d36e49a8de18d2466460b9577e59659,214,0x8c8d1170edec715723d0884775e78d9b3c35e32e,0x42ba2619d342ad90c71829b3da4a3279ac95e39d,124600000000000000,25200,100000000,0,1,0x,,6644362,21000,11413820,0x,,0.1246,sent,0x8c8d1170edec715723d0884775e78d9b3c35e32e
698,4566369,1510876550,0x39064c37419f13acc562372d6ef999d6f562e61eafe90561c181db94758e2979,456,0xfebf5c8abe2deec1ea914be74cc19c48646a62d68b64040e156dffc6c89154c3,50,0x8c8d1170edec715723d0884775e78d9b3c35e32e,0x8a0ce4313e40c6e20116d3b2327903e377fb8f5a,1000000000000000000,37297,100000000,0,1,0x,,5801795,30377,11408541,0x,,1,sent,0x8c8d1170edec715723d0884775e78d9b3c35e32e
699,4566934,1510884204,0x791e54501db3581a492ae572b6072a54a89fdfb0c173a70d6776a2a608932b3c,23345,0x0e2329009a097cfa7b441907372244fe09fe8494817474feba9e7bfc574f421c,67,0x180ba8f73897c0cb26d76265fc7868cfd936e617,0x8c8d1170edec715723d0884775e78d9b3c35e32e,445787320000000000,940000,20000000000,0,1,0x,,2127713,21000,11407976,0x,,0.44578732,received,0x8c8d1170edec715723d0884775e78d9b3c35e32e
700,4567346,1510889736,0xd61e49f1b1213c43a4fc24da45f6963cfaca5971c36d24edc14fa04ef15980ba,457,0x8986fc474e190b4842035df4c6ffee69742a5e2788a2bbf8e9f5e91aee59e99f,36,0x8c8d1170edec715723d0884775e78d9b3c35e32e,0x42ba2619d342ad90c71829b3da4a3279ac95e39d,145500000000000000,25200,100000000,0,1,0x,,4953340,21000,11407564,0x,,0.1455,sent,0x8c8d1170edec715723d0884775e78d9b3c35e32e
701,4573142,1510970587,0x04642355e001fe47e6d16b6c5eb91bf7c0a181473df44d8dbe8e12d30322ab45,23743,0x673c7391157f32daf2fccd5b8b7cfb2daa2dcf441271da9c87903fd1a80382f9,100,0x180ba8f73897c0cb26d76265fc7868cfd936e617,0x8c8d1170edec715723d0884775e78d9b3c35e32e,458818586000000000,940000,10000000000,0,1,0x,,5014110,21000,11401768,0x,,0.458818586,received,0x8c8d1170edec715723d0884775e78d9b3c35e32e
702,4573573,1510976381,0xdc1bef5ba23083b6651f082dfcec93e3f86447231d15083dd3c160eef650d739,458,0x97a34869c67a6416c45cda01b4624c584cc6c0afe92237439091de1a8ef56c2c,196,0x8c8d1170edec715723d0884775e78d9b3c35e32e,0x42ba2619d342ad90c71829b3da4a3279ac95e39d,149800000000000000,25200,100000000,0,1,0x,,6689675,21000,11401337,0x,,0.1498,sent,0x8c8d1170edec715723d0884775e78d9b3c35e32e
703,4579331,1511056991,0xdf18db3f805baccf7cde9b2e416b487e97965cc00cdfb6914667884d98faea90,24149,0x78bee39e49ed149f9b3ff88e938d82e3fea7a0b4930bea29b5ad34e5ebf02607,139,0x180ba8f73897c0cb26d76265fc7868cfd936e617,0x8c8d1170edec715723d0884775e78d9b3c35e32e,404944723000000000,940000,10000000000,0,1,0x,,4427061,21000,11395579,0x,,0.404944723,received,0x8c8d1170edec715723d0884775e78d9b3c35e32e
704,4579586,1511060452,0xe3c37e877886daa3cc691a23e1519f8dc4790fd6a66893db60fb21da067a8848,459,0x52c15c6a0c7af8c3949460c33eb3276ac40c61ac63c5baf3de272693f0834a27,144,0x8c8d1170edec715723d0884775e78d9b3c35e32e,0x42ba2619d342ad90c71829b3da4a3279ac95e39d,134900000000000000,25200,100000000,0,1,0x,,6548315,21000,11395324,0x,,0.1349,sent,0x8c8d1170edec715723d0884775e78d9b3c35e32e
705,4585640,1511143383,0x251d453ff966be5469588fd945749b462df516e6cf2206dfade0a0681c30a7e8,24562,0x0065b2d2548d6ce77bda902a0217b038a6b055e3037049e5635ef0d74ec0763e,65,0x180ba8f73897c0cb26d76265fc7868cfd936e617,0x8c8d1170edec715723d0884775e78d9b3c35e32e,406697667000000000,940000,16500000000,0,1,0x,,2046151,21000,11389270,0x,,0.406697667,received,0x8c8d1170edec715723d0884775e78d9b3c35e32e
706,4586206,1511151069,0x5ede917518664d502af9be1d9d30c2c84a04e65288dc4162ca33ff50e192685d,460,0xec1db0bc387a43030508322a4ce7a4881bc3f4e4c8ba6eaa49bff9a9ad94d28c,49,0x8c8d1170edec715723d0884775e78d9b3c35e32e,0x42ba2619d342ad90c71829b3da4a3279ac95e39d,136900000000000000,25200,100000000,0,1,0x,,5333685,21000,11388704,0x,,0.1369,sent,0x8c8d1170edec715723d0884775e78d9b3c35e32e
707,4591808,1511229792,0x0ef4efeaf52040f87047cb3d22616c1e34d5e1b266cb518d2d79b88119b6bd6b,24953,0x6821d3fa0ad19ca201a7c7aaf70bc46727e20e5351d5058393b9e37f74eb3212,45,0x180ba8f73897c0cb26d76265fc7868cfd936e617,0x8c8d1170edec715723d0884775e78d9b3c35e32e,183008097000000000,940000,20000000000,0,1,0x,,1499913,21000,11383102,0x,,0.183008097,received,0x8c8d1170edec715723d0884775e78d9b3c35e32e
708,4597991,1511316205,0x4251d860f85769ca43f8d74765ed7b12344c79423e141bec9710cc6f0a4ec8c3,461,0x61453a16dd1007ff675118f696a7bb15be2b0f3b4b6c10e26bc5a9564d86116d,80,0x8c8d1170edec715723d0884775e78d9b3c35e32e,0x99ea4db9ee77acd40b119bd1dc4e33e1c070b80d,0,60000,100000000,0,1,0xa9059cbb0000000000000000000000001a8ff6b5fe693121e63d4dc8e7163808e58b92b20000000000000000000000000000000000000000000000056bc75e2d63100000,,4044708,53047,11376919,0xa9059cbb,"transfer(address _to, uint256 _value)",0,sent,0x8c8d1170edec715723d0884775e78d9b3c35e32e
709,4598056,1511317108,0x613bc9cb2e3baf9e4737132f05bc7899cacdce596498596479aea123fd8afecf,462,0x8343cec49ef8017ba56b2634be163b697b35775a4a11f778d0ca2c83dddd844e,57,0x8c8d1170edec715723d0884775e78d9b3c35e32e,0x99ea4db9ee77acd40b119bd1dc4e33e1c070b80d,0,60000,100000000,0,1,0xa9059cbb0000000000000000000000001a8ff6b5fe693121e63d4dc8e7163808e58b92b200000000000000000000000000000000000000000000020dd68aaf3289100000,,6414186,38111,11376854,0xa9059cbb,"transfer(address _to, uint256 _value)",0,sent,0x8c8d1170edec715723d0884775e78d9b3c35e32e
710,4598637,1511325302,0xaf019a48e8806d17c0d239e09a79b840c0cdc9947f8eb31578347d596bd37d56,463,0x837b3777c6bbde04cd6f0ad659ec6ba5d2a893d71e9c2d442c4b0fb8d916f201,85,0x8c8d1170edec715723d0884775e78d9b3c35e32e,0x99ea4db9ee77acd40b119bd1dc4e33e1c070b80d,0,60000,100000000,0,1,0xa9059cbb000000000000000000000000b96d762978c528151c648b0c55c7c748c1409b0400000000000000000000000000000000000000000000010f0cf064dd59200000,,6699016,53111,11376273,0xa9059cbb,"transfer(address _to, uint256 _value)",0,sent,0x8c8d1170edec715723d0884775e78d9b3c35e32e
711,4599524,1511337945,0x29f2c9d066ceb80cf63b40aaa5adc9616c3ae286b9221b1f5561a38bbdff0c26,305948,0x4e38efaa71526a895f1be7319de2c7d5a5d09eb684a87ca21ff0521714366572,24,0x3f5ce5fbfe3e9af3971dd833d26ba9b5c936f0be,0x8c8d1170edec715723d0884775e78d9b3c35e32e,3671320000000000000,21000,4000000000,0,1,0x,,525000,21000,11375386,0x,,3.67132,received,0x8c8d1170edec715723d0884775e78d9b3c35e32e
712,4599639,1511339501,0xc06dc8aa083e0caec92d667aebe0a4cc7c24ceeaa653b1027db2c51e28e49094,105,0x02672824f8b62ec4af9923846e46fb261e51abf7f20c259b7408f1f3500249ab,53,0x42ba2619d342ad90c71829b3da4a3279ac95e39d,0x8c8d1170edec715723d0884775e78d9b3c35e32e,2000000000000000000,23100,10000000000,0,1,0x,,1134004,21000,11375271,0x,,2,received,0x8c8d1170edec715723d0884775e78d9b3c35e32e
713,4600583,1511352736,0x461eb093e018d72f4d2920680823461a4ea741425502296d4e4e5333467e30ae,464,0xe7ec3fca5931311b6b3e459f2271bcd958aa8f7524471586f7686fb8c9a64fa8,62,0x8c8d1170edec715723d0884775e78d9b3c35e32e,0xb64ef51c888972c908cfacf59b47c1afbc0ab8ac,0,60000,100000000,0,1,0xa9059cbb00000000000000000000000042ba2619d342ad90c71829b3da4a3279ac95e39d0000000000000000000000000000000000000000000000000000000005f5e100,,2990337,36688,11374327,0xa9059cbb,"transfer(address _to, uint256 _value)",0,sent,0x8c8d1170edec715723d0884775e78d9b3c35e32e
714,4600660,1511353698,0x008f83d3bfb08159d32eff67cb08273aa58831614a670fcc2f26fcca69aa8550,465,0x45a8b5fc80ef77a04d0acebcc63abdda45c08236c9f7f722c2ed160a34a1ea79,133,0x8c8d1170edec715723d0884775e78d9b3c35e32e,0x1881481cefaa344425061e1dcf9317c85464ff5e,7000000000000000000,25200,100000000,0,1,0x,,6034160,21000,11374250,0x,,7,sent,0x8c8d1170edec715723d0884775e78d9b3c35e32e
715,4604129,1511401585,0xa4684aadab5b5f9a96779600b6b002dd5b7f9d8be95a8cfd5c35dcdade78d9cb,466,0x375ec6cc47ba34543647f5bf4e690bde13a3fd2a48684d3335bfc688ab158500,40,0x8c8d1170edec715723d0884775e78d9b3c35e32e,0x99ea4db9ee77acd40b119bd1dc4e33e1c070b80d,0,60000,100000000,0,1,0xa9059cbb000000000000000000000000232e0344586dcc6f7cc67cc8f83b85abfed83d6200000000000000000000000000000000000000000000000ad78ebc5ac6200000,,5628414,53047,11370781,0xa9059cbb,"transfer(address _to, uint256 _value)",0,sent,0x8c8d1170edec715723d0884775e78d9b3c35e32e
716,4604555,1511407090,0x76e66641701ba87abd09e057b19419bb7243c18bb8e6ee6d3d70fd5736981cda,467,0x215d440cde6c4c6a53755d35c500d7cc04e36a73abca6a1b9c97d07a059ee4ec,133,0x8c8d1170edec715723d0884775e78d9b3c35e32e,0x99ea4db9ee77acd40b119bd1dc4e33e1c070b80d,0,60000,100000000,0,1,0xa9059cbb0000000000000000000000001d082d45172c5860bf85f900a036ee7292ea45af00000000000000000000000000000000000000000000021e19e0c9bab2400000,,6108994,38047,11370355,0xa9059cbb,"transfer(address _to, uint256 _value)",0,sent,0x8c8d1170edec715723d0884775e78d9b3c35e32e
717,4605284,1511417151,0x971b50d69ca5e9b930eb2499f072af88ac21232914cab4a40cd9f18fd47906af,95,0x5b081bf6530349b4fd9041a1aa1647ff753c9ac10a7d5e9f540a2e661239ef6b,58,0xb96d762978c528151c648b0c55c7c748c1409b04,0x8c8d1170edec715723d0884775e78d9b3c35e32e,3000000000000000000,25200,100000000,0,1,0x,,6656734,21000,11369626,0x,,3,received,0x8c8d1170edec715723d0884775e78d9b3c35e32e
718,4605307,1511417446,0x0379c019d6f30bb6aedb7f432c793e27453d0d1bea77e7ef19b74e4149978cb2,468,0x1f004bdd0dfab52ac5651bf53e19eca204f2ebc4308f9108194a0d289abf306f,125,0x8c8d1170edec715723d0884775e78d9b3c35e32e,0x0f5d2fb29fb7d3cfee444a200298f468908cc942,0,60000,100000000,0,1,0xa9059cbb000000000000000000000000b96d762978c528151c648b0c55c7c748c1409b040000000000000000000000000000000000000000000002c8cf08299cbb540000,,6026272,37313,11369603,0xa9059cbb,"transfer(address _to, uint256 _value)",0,sent,0x8c8d1170edec715723d0884775e78d9b3c35e32e
719,4606007,1511427072,0x822ed91c4129ede96e65248bbe83bd2ec36e46bad93732c70ae502c0c427ec43,38233,0x283c1d0d287a5a019c0085f6605fdf45e4e499e87e86543e3e73391eff3ea08f,126,0x05ee546c1a62f90d7acbffd6d846c9c54c7cf94c,0x8c8d1170edec715723d0884775e78d9b3c35e32e,1097000000000000000,50000,20000000000,0,1,0x,,4626885,21000,11368903,0x,,1.097,received,0x8c8d1170edec715723d0884775e78d9b3c35e32e
720,4606010,1511427092,0x81f8ade5fed3ae80fd4c1c1f6a93435803526f9a616773fd09e02d6e17c25c64,315426,0xea813e60668739ba8fb92095cf2bd7aa2ede95fdd7b7522e818a441b37059915,49,0x3f5ce5fbfe3e9af3971dd833d26ba9b5c936f0be,0x8c8d1170edec715723d0884775e78d9b3c35e32e,2039673280000000000,21000,10000000000,0,1,0x,,3282527,21000,11368900,0x,,2.03967328,received,0x8c8d1170edec715723d0884775e78d9b3c35e32e
721,4606030,1511427450,0x56fab059f5b8fa1791ea341b92800fd1cc7b73a7b81be4e45b81d3f1f70e58c7,469,0x225ea4648a4741503364d8e43adff80d623b2e84e63307f471a96a892acf0f4c,87,0x8c8d1170edec715723d0884775e78d9b3c35e32e,0x1881481cefaa344425061e1dcf9317c85464ff5e,3000000000000000000,25200,100000000,0,1,0x,,6689616,21000,11368880,0x,,3,sent,0x8c8d1170edec715723d0884775e78d9b3c35e32e
722,4606043,1511427551,0x3ccb16318c60ddb701e0f5e04378234d3f3443de674447d7e0b59e93c4dd3da4,470,0x429a7a1c8653f230673d5c2f7f166e22d015b08ddb83a4fe922ae02e073e7ea4,60,0x8c8d1170edec715723d0884775e78d9b3c35e32e,0x36db5d7ebaee0a474df461aa0653d00a5e1d1797,3000000000000000000,25200,100000000,0,1,0x,,6701278,21000,11368867,0x,,3,sent,0x8c8d1170edec715723d0884775e78d9b3c35e32e
723,4611196,1511499141,0xf861e5de94657b12ab206ac2fd5dad4c3b9196b32ab98f8c3fc7cc06ee87e4ad,6,0xadad18e686d50a3e187da64a6ac13df8923afcfa25e92f0d2ebf0263d114fd98,38,0x56f5b904644608137de2689ce8e87168bbce9d29,0x8c8d1170edec715723d0884775e78d9b3c35e32e,900000000000000000,25200,100000000,0,1,0x,,4706338,21000,11363714,0x,,0.9,received,0x8c8d1170edec715723d0884775e78d9b3c35e32e
724,4617352,1511585364,0x5229c5520346cac4711f5623b06553ea40c6bbf2ea8050ba06dd42ca3ec96c48,471,0x094af4cc899070ed6f65925c1966f2998ad39cb3b21c82dfeb38066e5d0c88e8,40,0x8c8d1170edec715723d0884775e78d9b3c35e32e,0x190289e0f72dfd611121da7dd9f3e6c92b8f71e4,0,60000,100000000,0,0,0xa9059cbb0000000000000000000000009752d541ac2d939169272ab92dd6e7d9ff34b42e00000000000000000000000000000000000000000000008cf23f909c0fa00000,,6595519,24172,11357558,0xa9059cbb,"transfer(address _to, uint256 _value)",0,sent,0x8c8d1170edec715723d0884775e78d9b3c35e32e
725,4617407,1511586180,0xa81dba9ee2972a78b2588e3648e2fe74754aa7f1bd2c4cc2d3ae93712bc6859a,472,0xac6ac852014482172e2cf8962e52a56aa2636deb8b0ec95a4da3a39fcc90fccc,121,0x8c8d1170edec715723d0884775e78d9b3c35e32e,0x190289e0f72dfd611121da7dd9f3e6c92b8f71e4,0,60000,100000000,0,0,0xa9059cbb0000000000000000000000009752d541ac2d939169272ab92dd6e7d9ff34b42e00000000000000000000000000000000000000000000008cf23f909c0fa00000,,6422220,24172,11357503,0xa9059cbb,"transfer(address _to, uint256 _value)",0,sent,0x8c8d1170edec715723d0884775e78d9b3c35e32e
726,4661233,1512203760,0xaf6194fdee6bc55363d53ed1b5a49ba1d5face16fd37671a9319d354fb9e373b,58109,0x589057067d4057944918e1d2fd9c5bed39ee7460d55c3de39bf0227ff96fc3aa,23,0x05ee546c1a62f90d7acbffd6d846c9c54c7cf94c,0x8c8d1170edec715723d0884775e78d9b3c35e32e,1693000000000000000,50000,14000000000,0,1,0x,,787006,21000,11313677,0x,,1.693,received,0x8c8d1170edec715723d0884775e78d9b3c35e32e
727,4661299,1512204521,0xe13cdcde445c41f04ac6460c9de8870bf189bab191cb550433e3839c9e5d27b9,123,0x6ba39f988b0b306c2d910ce3725dc1ee21bb8a846a0dfba01d666d8996741977,93,0x42ba2619d342ad90c71829b3da4a3279ac95e39d,0x8c8d1170edec715723d0884775e78d9b3c35e32e,1000000000000000000,23100,4000000000,0,1,0x,,4093308,21000,11313611,0x,,1,received,0x8c8d1170edec715723d0884775e78d9b3c35e32e
728,4661438,1512206560,0x2fc6c56f1b2ea0c941d83d23412548c587566eaa7e34c85f195779bcb5e8cb4c,473,0x34993c24c0c9aa6743d8b179da08f8b738b2c7a6aafe88661e269a4c28c9d6ce,82,0x8c8d1170edec715723d0884775e78d9b3c35e32e,0x36db5d7ebaee0a474df461aa0653d00a5e1d1797,3737000000000000000,25200,2443750000,0,1,0x,,2619481,21000,11313472,0x,,3.737,sent,0x8c8d1170edec715723d0884775e78d9b3c35e32e
729,4661829,1512211941,0x5ef551488b5074b78200c7781715ddb2c08113aebef302984f451b16073ca5ba,58439,0x72e3f9d3547e595089260f70136ab9aca57f9590a9d79ee451a818c9b6e6c019,37,0x05ee546c1a62f90d7acbffd6d846c9c54c7cf94c,0x8c8d1170edec715723d0884775e78d9b3c35e32e,1873000000000000000,50000,20000000000,0,1,0x,,825765,21000,11313081,0x,,1.873,received,0x8c8d1170edec715723d0884775e78d9b3c35e32e
730,4661859,1512212385,0xed921e01cede0062ff0db6f8cc2497ac4e8f5da092a9fbe423802d5ff5be44e8,474,0xf0d2e54c8ff6d09c23c2bb753f5d2902036bb796174360cee8b5f3f7009b7fcd,99,0x8c8d1170edec715723d0884775e78d9b3c35e32e,0x36db5d7ebaee0a474df461aa0653d00a5e1d1797,1313000000000000000,25200,100000000,0,1,0x,,6712351,21000,11313051,0x,,1.313,sent,0x8c8d1170edec715723d0884775e78d9b3c35e32e
731,4662215,1512217569,0x95935c0576916033760a0428d72a65ca7f1e23967b63031ee0b29bbb816254c9,58658,0x540486924184b861a3d8fa7d93cf83eeb209b441e730679d89e29a3ff8754844,50,0x05ee546c1a62f90d7acbffd6d846c9c54c7cf94c,0x8c8d1170edec715723d0884775e78d9b3c35e32e,1500000000000000000,50000,20000000000,0,1,0x,,1679768,21000,11312695,0x,,1.5,received,0x8c8d1170edec715723d0884775e78d9b3c35e32e
732,4671955,1512357862,0xab89a3a88106182d6b5d9181809b2e2f1e5140fbf384a0cc46f3240e2de13fb0,124,0x720c3f6f47c035de17c679740503e1696460a839b09b75a1d2a22041543f9a30,37,0x42ba2619d342ad90c71829b3da4a3279ac95e39d,0x8c8d1170edec715723d0884775e78d9b3c35e32e,5000000000000000000,23100,20000000000,0,1,0x,,1741803,21000,11302955,0x,,5,received,0x8c8d1170edec715723d0884775e78d9b3c35e32e
733,4672294,1512362446,0xbcb2d5c3eac75d81424181272b01fb624aeebe967e841133448220a95a8a5763,475,0x162feb8e9c2e15ff2f9d01b0bf37aa5876dfe74a85b72c31498231ec8f23b666,97,0x8c8d1170edec715723d0884775e78d9b3c35e32e,0x36db5d7ebaee0a474df461aa0653d00a5e1d1797,6300000000000000000,25200,5568750000,0,1,0x,,6613880,21000,11302616,0x,,6.3,sent,0x8c8d1170edec715723d0884775e78d9b3c35e32e
734,4672599,1512367116,0x2e2c269fd66ec785ef74fdee659a017cdce53ba540312b4f7e8b57598396dbca,62272,0x3152fd4f34f017d2691bb9d02babec94ea4430c23e2049ca4e9f5deaa062ce0a,91,0x05ee546c1a62f90d7acbffd6d846c9c54c7cf94c,0x8c8d1170edec715723d0884775e78d9b3c35e32e,5220000000000000000,50000,30000000000,0,1,0x,,3732203,21000,11302311,0x,,5.22,received,0x8c8d1170edec715723d0884775e78d9b3c35e32e
735,4672724,1512369085,0x3306d7f9a2f5acf93736260fa090c276daf463b5359c4c05b648041ac07f3d9c,476,0xcc069d31c1a628203d34b0f7f620f1e16acada20dd89c3830c5cb285cc6d5c79,125,0x8c8d1170edec715723d0884775e78d9b3c35e32e,0x36db5d7ebaee0a474df461aa0653d00a5e1d1797,5250000000000000000,25200,5568750000,0,1,0x,,6684609,21000,11302186,0x,,5.25,sent,0x8c8d1170edec715723d0884775e78d9b3c35e32e
736,4679149,1512468652,0xf3aca7c51cc32a9e32d8ee183af2e092297402251d200da87f86b2a28f3e1fd1,477,0x0cd52fe139633a2116c8785c37e0b159b3ab5b410ad27cf86f7d65e74a278c3c,7,0x8c8d1170edec715723d0884775e78d9b3c35e32e,0xd379bbe6744fd8f972990332c862923beb884a43,600000000000000000,25200,30000000000,0,1,0x,,257786,21000,11295761,0x,,0.6,sent,0x8c8d1170edec715723d0884775e78d9b3c35e32e
737,4688636,1512616740,0xd3912cbd9542d7165285506f2131ad2b48dced71db5f69ff00baceda882becae,31799,0x19bcbd25022caff12a4ff6d25068b3fbcc4daee9b04dc83527791c9b039ccd49,172,0x180ba8f73897c0cb26d76265fc7868cfd936e617,0x8c8d1170edec715723d0884775e78d9b3c35e32e,283599562000000000,940000,43000000000,0,1,0x,,3692904,21000,11286274,0x,,0.283599562,received,0x8c8d1170edec715723d0884775e78d9b3c35e32e
738,4694153,1512698894,0x83afa507fc6357971a2cf0aeb62c0b6d6fdb2987dcc8388d57a2e5dc4dee59f2,32279,0x98f5699b1a72eafd0097b5d3792e55a4cc8314deb67b957aad266ec07a1d3370,29,0x180ba8f73897c0cb26d76265fc7868cfd936e617,0x8c8d1170edec715723d0884775e78d9b3c35e32e,404959525000000000,940000,60000000000,0,1,0x,,955519,21000,11280757,0x,,0.404959525,received,0x8c8d1170edec715723d0884775e78d9b3c35e32e
739,4694627,1512705850,0x041b9150735074c80c157ad1f6a8927c920593721944c55fd58fbcc7f34b86a9,478,0xf11c62c5a5b0b05711f66cbf7af1c73ce61c0012f875d56c3f7dca12daeb3a72,130,0x8c8d1170edec715723d0884775e78d9b3c35e32e,0xff603f43946a3a28df5e6a73172555d8c8b02386,0,60000,53000000000,0,1,0xa9059cbb000000000000000000000000b96d762978c528151c648b0c55c7c748c1409b040000000000000000000000000000000000000000000001969368974c05b00000,,3690977,53094,11280283,0xa9059cbb,"transfer(address _to, uint256 _value)",0,sent,0x8c8d1170edec715723d0884775e78d9b3c35e32e
740,4695014,1512711564,0x82241df8d92584eb3bd3a419f632f7cbb6f718a25ec6d552deb70338c59bde7a,479,0x4f57fd696ced9e894a2c6e2b1dec503a08e43d458e9642f6fafe0c716f94e2bc,92,0x8c8d1170edec715723d0884775e78d9b3c35e32e,0xff603f43946a3a28df5e6a73172555d8c8b02386,0,60000,51000000000,0,1,0xa9059cbb0000000000000000000000006ed729fc1cd9cf5303c40e495747eb03b78c5fc200000000000000000000000000000000000000000000010f0cf064dd59200000,,4052635,53094,11279896,0xa9059cbb,"transfer(address _to, uint256 _value)",0,sent,0x8c8d1170edec715723d0884775e78d9b3c35e32e
741,4695019,1512711597,0x1b8b241a9ca77d070b82581bf08ba20dadd434b7387945e647c89cd46d94b98a,480,0x8a52d51339e981772ea988c3458f278f239799f132509e2918bd28aed5f96ddb,82,0x8c8d1170edec715723d0884775e78d9b3c35e32e,0xff603f43946a3a28df5e6a73172555d8c8b02386,0,60000,51000000000,0,1,0xa9059cbb00000000000000000000000042ba2619d342ad90c71829b3da4a3279ac95e39d00000000000000000000000000000000000000000000010f0cf064dd59200000,,2684651,53094,11279891,0xa9059cbb,"transfer(address _to, uint256 _value)",0,sent,0x8c8d1170edec715723d0884775e78d9b3c35e32e
742,4699971,1512785157,0x6a960630d7c8ce37979a47c717eff69b025cdf07f5de5ec564096d7008712b69,32763,0x789bf0e62e70694d9fb8d2f267331c988efa9fe91e5f4d2aef51fdcbe876afd1,33,0x180ba8f73897c0cb26d76265fc7868cfd936e617,0x8c8d1170edec715723d0884775e78d9b3c35e32e,354840850000000000,940000,57000000000,0,1,0x,,1529283,21000,11274939,0x,,0.35484085,received,0x8c8d1170edec715723d0884775e78d9b3c35e32e
743,4700272,1512789624,0x9439dc8d3813a2f64c1643f9415f95784fb1e9e7de96b87095f62d82de96bbdc,481,0xbad000cbba72c1039264008336e5c7c21a67bf76267e5404afc58f117e1ef255,37,0x8c8d1170edec715723d0884775e78d9b3c35e32e,0xa9b2d2be17f3472f9dfb626531f3821080c00159,1000000000000000000,200000,120000000000,0,1,0x,,930312,97776,11274638,0x,,1,sent,0x8c8d1170edec715723d0884775e78d9b3c35e32e
744,4701418,1512806758,0x20153031ee44a8e6ce36f94e066f846c70f0569811063182332ffd02feb1d8d6,482,0xf751d8f07994bbab1bcdde64981f23c0b11e2d80ce5848c6f4a251f2f1e3e9aa,58,0x8c8d1170edec715723d0884775e78d9b3c35e32e,0xd850942ef8811f2a866692a623011bde52a462c1,0,96000,51000000000,0,1,0xa9059cbb0000000000000000000000001d082d45172c5860bf85f900a036ee7292ea45af00000000000000000000000000000000000000000000008c2ff592c8e8280000,,4745262,54707,11273492,0xa9059cbb,"transfer(address _to, uint256 _value)",0,sent,0x8c8d1170edec715723d0884775e78d9b3c35e32e
745,4701537,1512808410,0x418dfdb65c4e77b8d538de567de373d9ddf76c78941571b6f1b49960f800cf79,484151,0x0ae8f73e93b0c0e572f46968f689bd6d7778fc8f02fa65d184bb9b812cebb842,24,0x3f5ce5fbfe3e9af3971dd833d26ba9b5c936f0be,0x8c8d1170edec715723d0884775e78d9b3c35e32e,1997241890000000000,21000,90000000000,0,1,0x,,855073,21000,11273373,0x,,1.99724189,received,0x8c8d1170edec715723d0884775e78d9b3c35e32e
746,4701550,1512808640,0x686c7f0a62b19c3a9fe2f3684b548b919b9f54bfc0fa38bd49db0bf866f7108f,483,0xa6191cc45ad48653b54eb4bfd1ea901692a820041683b3004f3c8cfb9b7211e3,87,0x8c8d1170edec715723d0884775e78d9b3c35e32e,0x36db5d7ebaee0a474df461aa0653d00a5e1d1797,2000000000000000000,25200,50000000000,0,1,0x,,5502105,21000,11273360,0x,,2,sent,0x8c8d1170edec715723d0884775e78d9b3c35e32e
747,4705786,1512871481,0x1c915fb1f079fd923e0d65627f1db369b27f24526c127abf4e081e858a78ec7f,33234,0xc9f8684aa2387474bed281325e03405ed6e84ca4d824c2d5542226fb4e0ccaeb,142,0x180ba8f73897c0cb26d76265fc7868cfd936e617,0x8c8d1170edec715723d0884775e78d9b3c35e32e,361643618000000000,940000,40000000000,0,1,0x,,5520948,21000,11269124,0x,,0.361643618,received,0x8c8d1170edec715723d0884775e78d9b3c35e32e
748,4711560,1512957873,0x90ca6a0878620bc6e94a655b9581fed62928fb709a22f9aba24425e9afd9caff,33721,0xea8eaa49a9e8fbe9ccd12a3221d3078bd03952e98ce362a6c3b6b16f85d60009,127,0x180ba8f73897c0cb26d76265fc7868cfd936e617,0x8c8d1170edec715723d0884775e78d9b3c35e32e,407442984000000000,940000,41000000000,0,1,0x,,5176573,21000,11263350,0x,,0.407442984,received,0x8c8d1170edec715723d0884775e78d9b3c35e32e
749,4711962,1512963667,0x3581f329df62f1a2c45195ab34aaef5bf1fd575d54a80cb9c93d36bea3e5787a,484,0xdc797504be99e65223e23ba9128ba726b77a28b63105d6270981f752b017f52f,21,0x8c8d1170edec715723d0884775e78d9b3c35e32e,0x42ba2619d342ad90c71829b3da4a3279ac95e39d,520000000000000000,25200,40031250000,0,1,0x,,2019375,21000,11262948,0x,,0.52,sent,0x8c8d1170edec715723d0884775e78d9b3c35e32e
750,4717308,1513044512,0x47ed33632a068a93b420901272fc8ca0a860d17ef6caf6b704e80af9f2dc4b7b,34204,0x388ce63a94c94bbf6db41404c41a1f57dabc3ff314b5728c0694e7e1081917c1,183,0x180ba8f73897c0cb26d76265fc7868cfd936e617,0x8c8d1170edec715723d0884775e78d9b3c35e32e,235243932000000000,940000,25000000000,0,1,0x,,4396719,21000,11257602,0x,,0.235243932,received,0x8c8d1170edec715723d0884775e78d9b3c35e32e
751,4720530,1513092702,0xfe8ad2105c1377d1b85e4aa0dd1573ad81035dbe2d3e8d6e8cb32782ab18d125,485,0xf14a00280725bac2d9973e586df2859005ee6db43199210caf69cab15fe9a29e,73,0x8c8d1170edec715723d0884775e78d9b3c35e32e,0xd379bbe6744fd8f972990332c862923beb884a43,200000000000000000,25200,50000000000,0,1,0x,,2430331,21000,11254380,0x,,0.2,sent,0x8c8d1170edec715723d0884775e78d9b3c35e32e
752,4720913,1513098559,0xe16a09cba488accca11ad42d37c453857fe53b0aec58f71e3dc41cf2acabfeb2,266,0x84d749b9464bd093f91d920b362a86f7bb7d84418ea7a5b30723648d65f2d955,94,0x36db5d7ebaee0a474df461aa0653d00a5e1d1797,0x8c8d1170edec715723d0884775e78d9b3c35e32e,2000000000000000000,25200,20000000000,0,1,0x,,6346796,21000,11253997,0x,,2,received,0x8c8d1170edec715723d0884775e78d9b3c35e32e
753,4723030,1513130708,0x1060be6375f2d085f1fd8236b07919afa365a46ae4fcb8dfd39fa57ef2b87c94,34700,0x656b8d1742d0d40e2fb553e575d3697b4558dd880ce609b7afec31279a301d18,165,0x180ba8f73897c0cb26d76265fc7868cfd936e617,0x8c8d1170edec715723d0884775e78d9b3c35e32e,402199201000000000,940000,30010000000,0,1,0x,,4489367,21000,11251880,0x,,0.402199201,received,0x8c8d1170edec715723d0884775e78d9b3c35e32e
754,4724225,1513148631,0xd98988e01ca280b26667a35d9d001a67fb53b2115f0bc0d6053442cf822b88d5,486,0xa9990d30ab2aec0dec8629755b1ee00cd43a6e0ac2d930d7c0beaa32e8056e63,114,0x8c8d1170edec715723d0884775e78d9b3c35e32e,0x36db5d7ebaee0a474df461aa0653d00a5e1d1797,2000000000000000000,25200,20000000000,0,1,0x,,5549779,21000,11250685,0x,,2,sent,0x8c8d1170edec715723d0884775e78d9b3c35e32e
755,4724269,1513149324,0xc8fcf87f5bcf8fe4db075813a7e6c8e12cbe0ab08fa9722a49c341aac5330786,110177,0x41586b518079b394382e706883ce507b21d28bd81548fedda3762fd753dddd6a,23,0x05ee546c1a62f90d7acbffd6d846c9c54c7cf94c,0x8c8d1170edec715723d0884775e78d9b3c35e32e,2030000000000000000,50000,32010000000,0,1,0x,,696734,21000,11250641,0x,,2.03,received,0x8c8d1170edec715723d0884775e78d9b3c35e32e
756,4724275,1513149453,0xb919c8d51a20dcb45cbc00048c8f7ad6c3e7ac049549c661aca19c21226d6718,487,0x39f7ca9b61c2599dcd372f6853cdec2ad7fdc4e38fff94a67bec68355e100b63,213,0x8c8d1170edec715723d0884775e78d9b3c35e32e,0x36db5d7ebaee0a474df461aa0653d00a5e1d1797,2000000000000000000,25200,30010000000,0,1,0x,,5361531,21000,11250635,0x,,2,sent,0x8c8d1170edec715723d0884775e78d9b3c35e32e
757,4724330,1513150339,0x4b1ab7d912691b0b9b1b9b1273ded50551fa771194cfddaa78c189350f6d220d,488,0x6d230537d700e71ba3847986eb6352ae2fef016e71d434192649d26670e9bc74,106,0x8c8d1170edec715723d0884775e78d9b3c35e32e,0x86fa049857e0209aa7d9e616f7eb3b3b78ecfdb0,0,96000,30010000000,0,1,0xa9059cbb0000000000000000000000001fe42a4008d9300fcf5788d95ad35dc50115d3f900000000000000000000000000000000000000000000001043561a8829300000,,3394866,55843,11250580,0xa9059cbb,"transfer(address _to, uint256 _value)",0,sent,0x8c8d1170edec715723d0884775e78d9b3c35e32e
758,4728538,1513215180,0x0cb9d61f4c2faa8c5e755b348e62b16e4b08e1f2442eec56a29e37e5ce6921a2,274,0xe422c06acb472db9f23d1c7bb8d65933ad6997e6b16b3d3826d3878769ed4afe,152,0x36db5d7ebaee0a474df461aa0653d00a5e1d1797,0x8c8d1170edec715723d0884775e78d9b3c35e32e,2000000000000000000,25200,32010000000,0,1,0x,,4691701,21000,11246372,0x,,2,received,0x8c8d1170edec715723d0884775e78d9b3c35e32e
759,4728683,1513217434,0x1cae8f5be49c849d81a50b3b8f3f6a487592901add2b44ad19b59de70a7c5fd0,35214,0xded46d54cc0af15e9b04e82a71ee20476ca9014d2356391e8fab2159fb484e64,157,0x180ba8f73897c0cb26d76265fc7868cfd936e617,0x8c8d1170edec715723d0884775e78d9b3c35e32e,379232115000000000,940000,32010000000,0,1,0x,,4167484,21000,11246227,0x,,0.379232115,received,0x8c8d1170edec715723d0884775e78d9b3c35e32e
760,4730618,1513246485,0x46c18ea270436a2a8fd5c84e3c1338de7f50b09923103cc20d5c76fdcf956c3b,489,0xa097965517caf7f986ffaaf9126bc9ed4bc528f4e5f355eefc50cceb6da1e7ec,26,0x8c8d1170edec715723d0884775e78d9b3c35e32e,0x1d082d45172c5860bf85f900a036ee7292ea45af,3260000000000000000,25200,32010000000,0,1,0x,,1110507,21000,11244292,0x,,3.26,sent,0x8c8d1170edec715723d0884775e78d9b3c35e32e
761,4734385,1513303712,0x582f87cde1aa2e01e00a092898b9f2f4468017413dbf64bdfb61e3a8b22a3f3c,35751,0xff0f7cdaf82a4185eafcca5c89304467562ee145fefe35467968fd01ef07f415,260,0x180ba8f73897c0cb26d76265fc7868cfd936e617,0x8c8d1170edec715723d0884775e78d9b3c35e32e,375513888000000000,940000,48100070000,0,1,0x,,6893761,21000,11240525,0x,,0.375513888,received,0x8c8d1170edec715723d0884775e78d9b3c35e32e
762,4740636,1513397387,0xa55895d94924c1d17eaa9dd63410b4c53c8f9841e44aa7876b8d65948c21df73,36293,0xb43e8fc69a6fabf287f512b4e67377a225fd8c67169a8143132e2e465ce7f204,148,0x180ba8f73897c0cb26d76265fc7868cfd936e617,0x8c8d1170edec715723d0884775e78d9b3c35e32e,378307564000000000,940000,58000000000,0,1,0x,,3188904,21000,11234274,0x,,0.378307564,received,0x8c8d1170edec715723d0884775e78d9b3c35e32e
763,4740862,1513400716,0x2a49c014a1f3611b4cb2083b317d76009c151cc9b60941d1186f372ef18122a1,36840,0x880210e06d9b63587f64c11286d3a84bcc5715d5edd17ac17299525992097059,176,0x180ba8f73897c0cb26d76265fc7868cfd936e617,0x8c8d1170edec715723d0884775e78d9b3c35e32e,22698454000000000,940000,58000000000,0,1,0x,,4263301,21000,11234048,0x,,0.022698454,received,0x8c8d1170edec715723d0884775e78d9b3c35e32e
764,4743246,1513436066,0x5c1ecba38170bf1b2a226b71b2cc17cebcb533df93c3f6fcd2bc5680d48770f8,605641,0x24e448d7d130e199f288082adbb3c1ac2cd0aa1f11dc45bbaecfe0fd1b85c56e,14,0x3f5ce5fbfe3e9af3971dd833d26ba9b5c936f0be,0x8c8d1170edec715723d0884775e78d9b3c35e32e,1990000000000000000,21000,70000000000,0,1,0x,,585302,21000,11231664,0x,,1.99,received,0x8c8d1170edec715723d0884775e78d9b3c35e32e
765,4743250,1513436120,0xcc0117bf57ed8a335d230045eb75ef5eff97b14d1f9fb3bbd8476e0812cc3833,490,0x15a8375e51b1fa973cd8070355853a70d437f3c8d39a8a4db536faa394bb826e,6,0x8c8d1170edec715723d0884775e78d9b3c35e32e,0x4a536c1ce7ad7f6e8d2e59135e17aef5ef4dd4e6,100000000000000000,25200,25000000000,0,0,0x,,223815,21043,11231660,0x,,0.1,sent,0x8c8d1170edec715723d0884775e78d9b3c35e32e
766,4743319,1513436912,0xb0c6693394555b544bcc5a2de8acab3991bbfa4d0dd6f65971540b982328bd2e,491,0x9bade66e8f210ec28437296f6fb2fe8b13d39face0d4f78f69aeef0eff9121fb,178,0x8c8d1170edec715723d0884775e78d9b3c35e32e,0xa562d3a9ad8c0e256d7907a2d3163c258bf93400,500000000000000000,25200,25000000000,0,1,0x,,6359668,21000,11231591,0x,,0.5,sent,0x8c8d1170edec715723d0884775e78d9b3c35e32e
767,4745985,1513476465,0x0006612aab8c3727b4f11f403f530829c7b2c67e1bec996e3027304a742604ce,37374,0x5d5e6bdc3ddf920e2dedab2273c40c1b6ba27151da31533e338db23ba24e892e,8,0x180ba8f73897c0cb26d76265fc7868cfd936e617,0x8c8d1170edec715723d0884775e78d9b3c35e32e,343547440000000000,940000,25000000000,0,1,0x,,189000,21000,11228925,0x,,0.34354744,received,0x8c8d1170edec715723d0884775e78d9b3c35e32e
768,4746104,1513478001,0x984ae095ffe35e2a790478392d9ca9fda1bdde7ff40325a2b8ccd9fdb6fd746c,492,0x9de6581866eea858634b2956d283a68598daefb0e6e32ffcd4af6568a3865295,80,0x8c8d1170edec715723d0884775e78d9b3c35e32e,0xa562d3a9ad8c0e256d7907a2d3163c258bf93400,1500000000000000000,25200,25000000000,0,1,0x,,3446191,21000,11228806,0x,,1.5,sent,0x8c8d1170edec715723d0884775e78d9b3c35e32e
769,4746194,1513479347,0xabe75f3476a014c572665362d78d79e83be08875f129298142d6fad3d4679a69,493,0xa57cd7f19ae447cd6cce4493131979ff6324708d263a8c98ec3fb2e5aa1d0c36,173,0x8c8d1170edec715723d0884775e78d9b3c35e32e,0x42ba2619d342ad90c71829b3da4a3279ac95e39d,844000000000000000,25200,25000000000,0,1,0x,,6578620,21000,11228716,0x,,0.844,sent,0x8c8d1170edec715723d0884775e78d9b3c35e32e
770,4746985,1513491642,0xb01b3a747763b1866965309d8d1bea3ccd3e5c3376f3ac99b5411ea3c104215c,136335,0x00dba556f478bf956dc77e741c487e53d142def35629af37b684fc44006e16ca,90,0x05ee546c1a62f90d7acbffd6d846c9c54c7cf94c,0x8c8d1170edec715723d0884775e78d9b3c35e32e,2311000000000000000,50000,27000000000,0,1,0x,,3421024,21000,11227925,0x,,2.311,received,0x8c8d1170edec715723d0884775e78d9b3c35e32e
771,4748752,1513518178,0xe97c5c21d5f577f53bd9cc843a90edeacf8ce75c7aac5a8d5d41c9be4ea61f9b,494,0xd52284f994688bac055e0ab8800c9464e9db75aad7b9d1933d23a7d74118f626,158,0x8c8d1170edec715723d0884775e78d9b3c35e32e,0x36db5d7ebaee0a474df461aa0653d00a5e1d1797,2000000000000000000,25200,21000000000,0,1,0x,,6086464,21000,11226158,0x,,2,sent,0x8c8d1170edec715723d0884775e78d9b3c35e32e
772,4751743,1513562634,0x4bb7d96fae6f469b7beced2b15cdc02ad18acff95d7ac7306ec057ed1fa1ae87,37857,0x9f782c1eb517393bfb258d1b3ea44838cd3837021bfa8fd39d9855e0d2e7a220,136,0x180ba8f73897c0cb26d76265fc7868cfd936e617,0x8c8d1170edec715723d0884775e78d9b3c35e32e,347013856000000000,940000,21000000000,0,1,0x,,4856407,21000,11223167,0x,,0.347013856,received,0x8c8d1170edec715723d0884775e78d9b3c35e32e
773,4754525,1513602691,0xffb499cc2eebef5be01db4ee44d5d82b24fd986e0649a2a356819a6243f7cd87,495,0x01d72fd8abb41c0cb8b51854ee4fae9440391672908dc3e451cb62eaae6fd986,209,0x8c8d1170edec715723d0884775e78d9b3c35e32e,0x9b6416cc9b8c52458026014715174e9799767523,900000000000000000,25200,21000000000,0,1,0x,,6640861,21000,11220385,0x,,0.9,sent,0x8c8d1170edec715723d0884775e78d9b3c35e32e
774,4757238,1513644979,0xc50ecdb131f0c3505f5b6a46385176d9c39a4bcb886e1cd142deefc9fd4fca0e,496,0x00e86444893f84060cce16e926835f9e338d9ac9a32fb9347bb96d0706311209,254,0x8c8d1170edec715723d0884775e78d9b3c35e32e,0x263c618480dbe35c300d8d5ecda19bbb986acaed,0,60000,21000000000,0,1,0xa9059cbb00000000000000000000000042ba2619d342ad90c71829b3da4a3279ac95e39d00000000000000000000000000000000000000000000003f5831ef058bf20000,,6173418,51667,11217672,0xa9059cbb,"transfer(address _to, uint256 _value)",0,sent,0x8c8d1170edec715723d0884775e78d9b3c35e32e
775,4757495,1513649067,0x310192ab71d5a45dd1a90d0d7e35e2496f2befb97e70a91ab0bcd4738e7919ab,38375,0xf4cb6366c1f44ef4d6f1df8368b715a50d166916a918bf75ec98a97cd53524cc,148,0x180ba8f73897c0cb26d76265fc7868cfd936e617,0x8c8d1170edec715723d0884775e78d9b3c35e32e,339553415000000000,940000,21000000000,0,1,0x,,6241314,21000,11217415,0x,,0.339553415,received,0x8c8d1170edec715723d0884775e78d9b3c35e32e
776,4757516,1513649346,0xf6aa4df7f196349ff0a99d16bbbc72b20a91b3c0a536f4deb3d1cca2eb8e92dd,497,0xfedd30c89f2847b3f21161253f6e49cc5fd8c21d24264c2efb5917ea7e188204,138,0x8c8d1170edec715723d0884775e78d9b3c35e32e,0x263c618480dbe35c300d8d5ecda19bbb986acaed,0,60000,21000000000,0,1,0xa9059cbb0000000000000000000000006ed729fc1cd9cf5303c40e495747eb03b78c5fc200000000000000000000000000000000000000000000005ef9e25d8194600000,,3302805,51667,11217394,0xa9059cbb,"transfer(address _to, uint256 _value)",0,sent,0x8c8d1170edec715723d0884775e78d9b3c35e32e
777,4758035,1513657636,0x50765a0766d3a95544f9e6cf4931bffb6cf807aff7b9a026f906d68315ecc69a,498,0x73765f58c52ba7a94eccb7647adb039b3b9413e4ec1fd506a0b2dfe836b3bae9,285,0x8c8d1170edec715723d0884775e78d9b3c35e32e,0x263c618480dbe35c300d8d5ecda19bbb986acaed,0,60000,21000000000,0,1,0xa9059cbb000000000000000000000000b96d762978c528151c648b0c55c7c748c1409b040000000000000000000000000000000000000000000000a6b2328ff3a62c0000,,7982766,51667,11216875,0xa9059cbb,"transfer(address _to, uint256 _value)",0,sent,0x8c8d1170edec715723d0884775e78d9b3c35e32e
778,4758571,1513665926,0x5b6c78b253839271a9cbf4d89843b993b19c42ba04882f92775989c7f97b38c2,499,0x2328024ce4a34e72417c043687259fc9e30e4630299a5e38c6ee2ed0c62cde32,105,0x8c8d1170edec715723d0884775e78d9b3c35e32e,0xf42c06a58d4e538b6856afc206b13c530263c2c2,320000000000000000,260300,45000000000,0,1,0xd7c7159c0000000000000000000000000000000000000000000000000000000000000080000000000000000000000000000000000000000000000000000000000000001ce901130b12a1c6ef138bcd4d5342b500c4ac1957844cb9aabc523421e252b2bb60d6ab6b4ffaf6198796bce3d16e87205a5c9d4d1a6bf11c4112178f5dc739cd000000000000000000000000000000000000000000000000000000000000002c8c8d1170edec715723d0884775e78d9b3c35e32e8108b80384a84db9a5f021be54c1af00000000c8000186a00000000000000000000000000000000000000000,,5413928,218709,11216339,0xd7c7159c,"buyWithKYCData(bytes dataframe, uint8 v, bytes32 r, bytes32 s)",0.32,sent,0x8c8d1170edec715723d0884775e78d9b3c35e32e
779,4758654,1513667033,0x9ded31c82e2b4a82a2cbb507fd8902608d7b1384da589c68396674ef672e06b9,151318,0x198f37f5ba2c871653314fc936f74dd250543cf31965ed059942a47ad2ce3c08,57,0x05ee546c1a62f90d7acbffd6d846c9c54c7cf94c,0x8c8d1170edec715723d0884775e78d9b3c35e32e,1500000000000000000,50000,25000000000,0,1,0x,,2315487,21000,11216256,0x,,1.5,received,0x8c8d1170edec715723d0884775e78d9b3c35e32e
780,4758664,1513667177,0xc73d284a33841ff9e207f8bc32fc28630bec346c0257627c367cbcb16384153b,228,0xc1b325c170628a44934650c280665eda7fb3ca7ac5b58f50e8ca03390c40992d,105,0x73ef8eca7b929618550fccccd23998cbe0eea1bf,0x8c8d1170edec715723d0884775e78d9b3c35e32e,1000000000000000000,23100,23000000000,0,1,0x,,5155421,21000,11216246,0x,,1,received,0x8c8d1170edec715723d0884775e78d9b3c35e32e
781,4758710,1513667872,0x2e56eedf49f6d9071ad3405edf7751e249bc0b78914fc200cd0216c064ea42a6,675543,0x47c489b65502c8c3491d4da1b40b500673de18d3641459b2381aed84430d4997,123,0x3f5ce5fbfe3e9af3971dd833d26ba9b5c936f0be,0x8c8d1170edec715723d0884775e78d9b3c35e32e,1900000000000000000,21000,60000000000,0,1,0x,,4569628,21000,11216200,0x,,1.9,received,0x8c8d1170edec715723d0884775e78d9b3c35e32e
782,4758800,1513669180,0xaf0859474c94f4ffc51a950e5d0f695c8a8a2b93777046d031996491cb5b9a47,676162,0x2e377d565f48211f236097b89df6efeaedc813b196879a247549a54de91085ed,64,0x3f5ce5fbfe3e9af3971dd833d26ba9b5c936f0be,0x8c8d1170edec715723d0884775e78d9b3c35e32e,1419175790000000000,21000,60000000000,0,1,0x,,2035312,21000,11216110,0x,,1.41917579,received,0x8c8d1170edec715723d0884775e78d9b3c35e32e
783,4758816,1513669462,0xb5d5a4dc66d1608b1e926f67eba5e4757b539d69d98be5dac876ef3521a2d73f,500,0x0ef93ed071485635e3954fad31db6611efcefac01aaf165c1a1b60f7370c4695,20,0x8c8d1170edec715723d0884775e78d9b3c35e32e,0xf42c06a58d4e538b6856afc206b13c530263c2c2,5800000000000000000,260300,45000000000,0,1,0xd7c7159c0000000000000000000000000000000000000000000000000000000000000080000000000000000000000000000000000000000000000000000000000000001b0988a69f2b383b0fb7a899e5b857df8b29c5280fca87e1b7c887de68f5bf69561abbb91c15c31be7af721c95119a78c55def6a5fa7a58815a7d99f215f36883a000000000000000000000000000000000000000000000000000000000000002c8c8d1170edec715723d0884775e78d9b3c35e32e20a8518e6bc945eead03898e04009e2d000000c8000186a00000000000000000000000000000000000000000,,1126830,168558,11216094,0xd7c7159c,"buyWithKYCData(bytes dataframe, uint8 v, bytes32 r, bytes32 s)",5.8,sent,0x8c8d1170edec715723d0884775e78d9b3c35e32e
784,4759513,1513680300,0x80960641a68c2da0db5e5f286c5192052f3f92c93468642725c180a325371bc9,7,0xfd85a6c6299df8f3a6a0a6f7b6b8503ec760ff8b1edc73ffd7f14e66787d3a06,149,0x01b385d0d3e8b23171c37deba32e2997dff7e1f5,0x8c8d1170edec715723d0884775e78d9b3c35e32e,2000851760000000000,25200,33800000000,0,1,0x,,4951374,21000,11215397,0x,,2.00085176,received,0x8c8d1170edec715723d0884775e78d9b3c35e32e
785,4759527,1513680482,0x770996238c5c1b6ccfed94ef64193af3607c4de09c7b6562a731e2f12f62b23f,501,0x2c4e860f901f870fc19ff82b8350c8fdb72a77f18cc13e113e7a964e3781c136,161,0x8c8d1170edec715723d0884775e78d9b3c35e32e,0xf42c06a58d4e538b6856afc206b13c530263c2c2,2000000000000000000,260300,45000000000,0,1,0xd7c7159c0000000000000000000000000000000000000000000000000000000000000080000000000000000000000000000000000000000000000000000000000000001b9b8f246447d5480ae0350df83367f337690e01eeeb0a2f12b60a52cf233501fa2674f8e1fb34a65ecb22319191da4db295769f1692f987371d1b05eb0c6a019c000000000000000000000000000000000000000000000000000000000000002c8c8d1170edec715723d0884775e78d9b3c35e32e56ddbae184dd4b0f9eafb0297d25b886000000c8000186a00000000000000000000000000000000000000000,,7428845,168622,11215383,0xd7c7159c,"buyWithKYCData(bytes dataframe, uint8 v, bytes32 r, bytes32 s)",2,sent,0x8c8d1170edec715723d0884775e78d9b3c35e32e
786,4759542,1513680683,0x1bcbd52b40ddaea6b5f52f9d6f8791eea53778ee1d45deb8b43e8b0f889be734,502,0x3423da3fdcf9c849e351a5edd00af329e4666a00ef71972043a7e1abddcfad33,142,0x8c8d1170edec715723d0884775e78d9b3c35e32e,0x1a7a8bd9106f2b8d977e08582dc7d24c723ab0db,0,60000,33800000000,0,0,0xa9059cbb00000000000000000000000001b385d0d3e8b23171c37deba32e2997dff7e1f500000000000000000000000000000000000000000000016e3e559d2d8b100000,,7118072,24698,11215368,0xa9059cbb,"transfer(address _to, uint256 _value)",0,sent,0x8c8d1170edec715723d0884775e78d9b3c35e32e
787,4759562,1513680895,0xdcc5d75cc03b9503bfcd446a037432f260f715e59e3e4300d19496c85751bffe,503,0xbcaa2912d99bc0df3e913a43c4a0533a9663a0669c8579831f638722ffc5d72b,31,0x8c8d1170edec715723d0884775e78d9b3c35e32e,0x1a7a8bd9106f2b8d977e08582dc7d24c723ab0db,0,60000,33800000000,0,0,0xa9059cbb00000000000000000000000001b385d0d3e8b23171c37deba32e2997dff7e1f500000000000000000000000000000000000000000000000053444835ec580000,,1378309,24570,11215348,0xa9059cbb,"transfer(address _to, uint256 _value)",0,sent,0x8c8d1170edec715723d0884775e78d9b3c35e32e
788,4763081,1513735602,0xbc593c81fb56ec91b911ce061d96c4b7e2389cebc5ee0252271c7f6f9d05e29e,38911,0x9760104c6d71d927f437ea4d1a34d1fccb406f745b3d4146c004f0aa60be2adf,175,0x180ba8f73897c0cb26d76265fc7868cfd936e617,0x8c8d1170edec715723d0884775e78d9b3c35e32e,372175982000000000,940000,33800000000,0,1,0x,,3755904,21000,11211829,0x,,0.372175982,received,0x8c8d1170edec715723d0884775e78d9b3c35e32e
789,4765438,1513771443,0x078d0aa30d49bd8370b810a53e3b651c7ea8404ab61d14208e6e2666d6f5e969,504,0xde13a8ac5cc7247fdc057026707fef2f72879197724d934582e9a286f0b4c771,164,0x8c8d1170edec715723d0884775e78d9b3c35e32e,0x43c51cbabbcd374a5e2cf63b8090941f1a286123,380000000000000000,25200,38000000000,1,0,0x,,7237328,25200,11209472,0x,,0.38,sent,0x8c8d1170edec715723d0884775e78d9b3c35e32e
790,4765487,1513772323,0xee2408f14fe7e9ae1a0461a25422d4224d5e46a51e5de83d7fb3a87470dfaaf5,505,0xa5dcca0490e020f066db029340d26c02d7f62e16b6d5ec38e3873469ab7ca869,195,0x8c8d1170edec715723d0884775e78d9b3c35e32e,0x43c51cbabbcd374a5e2cf63b8090941f1a286123,400000000000000000,37297,38000000000,0,1,0x,,6114734,30829,11209423,0x,,0.4,sent,0x8c8d1170edec715723d0884775e78d9b3c35e32e
791,4768678,1513822028,0x728c612e90e21a75db819aaeafbba53297f254d900989faf8f16ac2167ceff43,39451,0xb71c8b0cb8ccafcc347d1c5dbe62a58d0a516259d49249c2b2ec6a2a30bd42ae,238,0x180ba8f73897c0cb26d76265fc7868cfd936e617,0x8c8d1170edec715723d0884775e78d9b3c35e32e,366281245000000000,940000,40000000000,0,1,0x,,6441924,21000,11206232,0x,,0.366281245,received,0x8c8d1170edec715723d0884775e78d9b3c35e32e
792,4774252,1513908457,0xdb5630c6d1454919cfa6294401805dbbe1d5ddc49641f607cf6179e8ae774c6e,40015,0x4bf708320ad9caaa93b3a215c9f0b647600a5e79fa3139bd2be0d0866e8649a2,130,0x180ba8f73897c0cb26d76265fc7868cfd936e617,0x8c8d1170edec715723d0884775e78d9b3c35e32e,372711008000000000,940000,40000000000,0,1,0x,,3325675,21000,11200658,0x,,0.372711008,received,0x8c8d1170edec715723d0884775e78d9b3c35e32e
793,4779947,1513994777,0xcba5d0b1a3abe183194f50214d1f3b3035cadbeab214d0668ccb0b63d2527beb,40575,0xbd2b53334659a1975948f37b0b767085603ac8b7b443acbd21b3205acc304665,33,0x180ba8f73897c0cb26d76265fc7868cfd936e617,0x8c8d1170edec715723d0884775e78d9b3c35e32e,373533925000000000,940000,40000000000,0,1,0x,,1328382,21000,11194963,0x,,0.373533925,received,0x8c8d1170edec715723d0884775e78d9b3c35e32e
794,4785870,1514081059,0xe906d512f23730259ba8de67fd27478e5248d0a226f489020acf41c6ab641a80,41129,0x79cd5704cd574eb953712f54cdcfb05c964f0982df1523ee37e69fcaf4e91112,67,0x180ba8f73897c0cb26d76265fc7868cfd936e617,0x8c8d1170edec715723d0884775e78d9b3c35e32e,348446550000000000,940000,30000000000,0,1,0x,,2034077,21000,11189040,0x,,0.34844655,received,0x8c8d1170edec715723d0884775e78d9b3c35e32e
795,4788693,1514122765,0xa03d7039aee73e387080588b895f4f9dc9f464afa25447aaa6fd94e1db98962c,506,0x67d3877f3a8a239091d8ef90df476d1970f2b4bc7cb1fd3dd550db5f7410dadd,58,0x8c8d1170edec715723d0884775e78d9b3c35e32e,0x42ba2619d342ad90c71829b3da4a3279ac95e39d,833900000000000000,25200,28000000000,0,1,0x,,2424036,21000,11186217,0x,,0.8339,sent,0x8c8d1170edec715723d0884775e78d9b3c35e32e
796,4789052,1514128000,0xd242d7424920410115f98f712e2c73089f0d3021d229b05c52e368f312f2387d,507,0xd4e17ab869d9dcea6b9973fc1740241ddd0f9e9637071e60f0bceb2d3081432b,207,0x8c8d1170edec715723d0884775e78d9b3c35e32e,0x8effd494eb698cc399af6231fccd39e08fd20b15,0,60000,28000000000,0,1,0xa9059cbb0000000000000000000000006ed729fc1cd9cf5303c40e495747eb03b78c5fc20000000000000000000000000000000000000000000000000000000000000d7f,,5995008,52654,11185858,0xa9059cbb,"transfer(address _to, uint256 _value)",0,sent,0x8c8d1170edec715723d0884775e78d9b3c35e32e
797,4789055,1514128025,0xb64985c096481ece3f2a8cfc66268fd87f5706e5db788c4fa812ca6c6343f74c,508,0x9167c6b1aa3c4bf918585c52974967287552ea53da6dee836ddbbeb1f7dd3445,25,0x8c8d1170edec715723d0884775e78d9b3c35e32e,0x8effd494eb698cc399af6231fccd39e08fd20b15,0,60000,28000000000,0,1,0xa9059cbb000000000000000000000000b96d762978c528151c648b0c55c7c748c1409b0400000000000000000000000000000000000000000000000000000000000004b3,,1382173,37654,11185855,0xa9059cbb,"transfer(address _to, uint256 _value)",0,sent,0x8c8d1170edec715723d0884775e78d9b3c35e32e
798,4789061,1514128063,0x8ba300f722ef8372bb39ad7910a8c60f95f5e9574dda77021e179159fb6e4677,509,0x9bb4168548475aba358349b198710b0b783df5f99cc206eddb119444615e0cb6,90,0x8c8d1170edec715723d0884775e78d9b3c35e32e,0x8effd494eb698cc399af6231fccd39e08fd20b15,0,60000,28000000000,0,1,0xa9059cbb00000000000000000000000042ba2619d342ad90c71829b3da4a3279ac95e39d000000000000000000000000000000000000000000000000000000000000070d,,2739951,37654,11185849,0xa9059cbb,"transfer(address _to, uint256 _value)",0,sent,0x8c8d1170edec715723d0884775e78d9b3c35e32e
799,4791885,1514167427,0xfc841a895f3d97ba5cb5bff60132dd48a312710d0cccc8828568a96595dae512,41657,0x413524e85f4bac56236768a3fb933729fc1164ecc58ebe084b6c6c5fe6be83e2,118,0x180ba8f73897c0cb26d76265fc7868cfd936e617,0x8c8d1170edec715723d0884775e78d9b3c35e32e,275289885000000000,940000,21000000000,0,1,0x,,4180269,21000,11183025,0x,,0.275289885,received,0x8c8d1170edec715723d0884775e78d9b3c35e32e
800,4793177,1514186229,0xb5b09e66c0f2b501dd5dbc9804bcc5d9c00fb656ff91ab6503041d969133101e,858600,0x631cea4d840ada34d0290c3dfbde57acf611f6187ac3302269c6a292e6d47d30,12,0x3f5ce5fbfe3e9af3971dd833d26ba9b5c936f0be,0x8c8d1170edec715723d0884775e78d9b3c35e32e,1287680000000000000,21000,65000000000,0,1,0x,,305213,21000,11181733,0x,,1.28768,received,0x8c8d1170edec715723d0884775e78d9b3c35e32e
801,4794029,1514198560,0xfe0997a3ae60fc6515b3cb92146b78c903f3e946b1dd5c089ae4a2173d6f2298,510,0x4b814ad102ee784837fe654b784f08be0954a0d102b5aecb7823bdddf9adb3bb,18,0x8c8d1170edec715723d0884775e78d9b3c35e32e,0xb96d762978c528151c648b0c55c7c748c1409b04,2000000000000000000,25200,21000000000,0,1,0x,,523854,21000,11180881,0x,,2,sent,0x8c8d1170edec715723d0884775e78d9b3c35e32e
802,4797873,1514253804,0x77092873398e04a214d26df2fc4bafb392408ba8fe11a30ce5bfa55e0bcfe8b1,42205,0x66c4d08fb78604d23ea23a0eadc337b922e2ca170eebd03b27e0e57bcabca9b2,252,0x180ba8f73897c0cb26d76265fc7868cfd936e617,0x8c8d1170edec715723d0884775e78d9b3c35e32e,301645330000000000,940000,21000000000,0,1,0x,,6171748,21000,11177037,0x,,0.30164533,received,0x8c8d1170edec715723d0884775e78d9b3c35e32e
803,4799007,1514269973,0x991e859abfd380474eaeac2b17dccbc9cff0aa1613ac71ea02d2e7b5f83727a4,884843,0xcbdf36220c5dab28e32dac5bb30be8f18bff3f70632a389b2af81f3a1ad135df,36,0x3f5ce5fbfe3e9af3971dd833d26ba9b5c936f0be,0x8c8d1170edec715723d0884775e78d9b3c35e32e,1771242880000000000,21000,65000000000,0,1,0x,,1030770,21000,11175903,0x,,1.77124288,received,0x8c8d1170edec715723d0884775e78d9b3c35e32e
804,4799846,1514281974,0x06081c59944f5155dab21f2bb75d7a5b2a8e18e8e4f93ee6f1d6f8d45b43bd87,511,0x2484acbc20aada6ea45679cc1230c9da43ea022e2f4f01c257fced2188adbc93,103,0x8c8d1170edec715723d0884775e78d9b3c35e32e,0xb96d762978c528151c648b0c55c7c748c1409b04,2000000000000000000,25200,20000000000,0,1,0x,,3074898,21000,11175064,0x,,2,sent,0x8c8d1170edec715723d0884775e78d9b3c35e32e
805,4800918,1514296674,0xd728ab33eba7e21920e9f112adc03ebb088bb4436e47363241a722b4f2460484,512,0x0ebe60c6322777cc0f53333c2d7c44a1f28954ca763474a8b92b8ddce72fa35b,184,0x8c8d1170edec715723d0884775e78d9b3c35e32e,0xcb97e65f07da24d46bcdd078ebebd7c6e6e3d750,0,60000,10343750000,0,1,0xa9059cbb0000000000000000000000008074e7dd9b6e546410827e57681c140140b5081e000000000000000000000000000000000000000000000000000000320effa600,,4907572,36347,11173992,0xa9059cbb,"transfer(address _to, uint256 _value)",0,sent,0x8c8d1170edec715723d0884775e78d9b3c35e32e
806,4803880,1514340259,0x7daa72b858570412f2db09a22d58d6b1868fe4d1c23b6b177c99191b497732bd,42754,0xced0c721df292924c9ba6e65dc60bdef1aab9075038b5c16285e02ebf2628696,135,0x180ba8f73897c0cb26d76265fc7868cfd936e617,0x8c8d1170edec715723d0884775e78d9b3c35e32e,296228083000000000,940000,21000000000,0,1,0x,,3646946,21000,11171030,0x,,0.296228083,received,0x8c8d1170edec715723d0884775e78d9b3c35e32e
807,4809840,1514426671,0x2e77604a7d25513abdbe613955cf7de66701f37287a301f5ddde2de506cdb193,43324,0x677bc6481088b140d5eff5b526c537c3064087cafd1c2c2c8d9fe89c18de0107,43,0x180ba8f73897c0cb26d76265fc7868cfd936e617,0x8c8d1170edec715723d0884775e78d9b3c35e32e,305542292000000000,940000,20000000000,0,1,0x,,1808829,21000,11165070,0x,,0.305542292,received,0x8c8d1170edec715723d0884775e78d9b3c35e32e
808,4815749,1514513186,0xb910f5826c8bab1fe857c55c599df953bbc7731c9b84fed5d7e5be333756ca32,43859,0x5bc50787a0028eac9797b57acc9b0dd254796995a7a6c0d6cc79429d0e291001,218,0x180ba8f73897c0cb26d76265fc7868cfd936e617,0x8c8d1170edec715723d0884775e78d9b3c35e32e,280042346000000000,940000,20000000000,0,1,0x,,5068943,21000,11159161,0x,,0.280042346,received,0x8c8d1170edec715723d0884775e78d9b3c35e32e
809,4821478,1514599595,0x9ffb1b2c352edd011d8f64979765943103fb1ffb6a9306d12c49704a61d403bd,44443,0x1272cca2ba3efe60c49befecfe52cdc4cda215fb97f0d1834dda6fa81c46f6cf,200,0x180ba8f73897c0cb26d76265fc7868cfd936e617,0x8c8d1170edec715723d0884775e78d9b3c35e32e,291007744000000000,940000,20000000000,0,1,0x,,5933308,21000,11153432,0x,,0.291007744,received,0x8c8d1170edec715723d0884775e78d9b3c35e32e
810,4821743,1514603136,0xcf7b1335b1925f7390ff903409c04c8dc4aeb0e77e76208f7fa51e75a1bf899d,513,0x1d0e12bd223935cbfc9df4195491066389a7c67087243f80b76ff101053a83bd,111,0x8c8d1170edec715723d0884775e78d9b3c35e32e,0x08da80f28b960bdfab798c172ff20619540b9ce5,0,60000,8000000000,0,1,0xa9059cbb00000000000000000000000063665fce4daf7bbd1bc6e31007742c31ec914cb200000000000000000000000000000000000000000000001b1ae4d6e2ef500000,,6495341,36840,11153167,0xa9059cbb,"transfer(address _to, uint256 _value)",0,sent,0x8c8d1170edec715723d0884775e78d9b3c35e32e
811,4827318,1514685917,0x73dfab2ff5b84c117d850316601db310c973488a88679aedb466a496fe579e9b,44988,0x21856bd741b483ed7c2286c528747d9182a19331406f549bc1c5e501a58aba5b,147,0x180ba8f73897c0cb26d76265fc7868cfd936e617,0x8c8d1170edec715723d0884775e78d9b3c35e32e,311108655000000000,940000,20000000000,0,1,0x,,5323032,21000,11147592,0x,,0.311108655,received,0x8c8d1170edec715723d0884775e78d9b3c35e32e
812,4828982,1514710089,0x756a322fc91bb0b2b565b631de231570ba159fd2a8d6800c5293051e13abf604,514,0xc9fd5439d23b79e320039342c926e2999e006517b22a3b377b82d8b1861345d5,287,0x8c8d1170edec715723d0884775e78d9b3c35e32e,0x42ba2619d342ad90c71829b3da4a3279ac95e39d,686900000000000000,25200,8000000000,0,1,0x,,7532232,21000,11145928,0x,,0.6869,sent,0x8c8d1170edec715723d0884775e78d9b3c35e32e
813,4833203,1514772235,0x4a76e63009f9f2550c11ec7b3de6ef8fd5b4714fe7d2faa1e543302a15a979bb,45557,0xb3ab9f81d48bc157db87aeb3251ab0471cd047d2384bb5ae359a144b54af701e,177,0x180ba8f73897c0cb26d76265fc7868cfd936e617,0x8c8d1170edec715723d0884775e78d9b3c35e32e,310878776000000000,940000,21000000000,0,1,0x,,6572662,21000,11141707,0x,,0.310878776,received,0x8c8d1170edec715723d0884775e78d9b3c35e32e
814,4839144,1514859002,0xa5d22b1ce2dad6259a39bb834f8f39903b2000921c18402131b77811b4bbf6a6,515,0xc3f38bb774d097af8b42c22fecfc6e0fd93125ff2c1e15b593fddf5a770ab799,173,0x8c8d1170edec715723d0884775e78d9b3c35e32e,0x1a7a8bd9106f2b8d977e08582dc7d24c723ab0db,0,60000,8000000000,0,0,0xa9059cbb00000000000000000000000001b385d0d3e8b23171c37deba32e2997dff7e1f50000000000000000000000000000000000000000000000000de0b6b3a7640000,,7009194,24570,11135766,0xa9059cbb,"transfer(address _to, uint256 _value)",0,sent,0x8c8d1170edec715723d0884775e78d9b3c35e32e
815,4839147,1514859028,0xb890711a2b6a900ae9f4afce8ee99e4df6edc844e89a978d099ca3ba2d2c4a19,46116,0x9eeba81758341e9d61c34ac9ff588ccd3690482f4efd68ac7ae7ba144ec9f1f3,215,0x180ba8f73897c0cb26d76265fc7868cfd936e617,0x8c8d1170edec715723d0884775e78d9b3c35e32e,305800859000000000,940000,20000000000,0,1,0x,,6481506,21000,11135763,0x,,0.305800859,received,0x8c8d1170edec715723d0884775e78d9b3c35e32e
816,4845090,1514948632,0x5cca4adc6b91e87d3b96593bbdb33b4400b75e8bed8e62fb3013997d6ab9fab8,47492,0xce3a3fd6224809242a40610731021bfb6ae927fd9e41db5cc5c3df6b9893e7cf,121,0x180ba8f73897c0cb26d76265fc7868cfd936e617,0x8c8d1170edec715723d0884775e78d9b3c35e32e,310141162000000000,940000,20000000000,0,1,0x,,4304680,21000,11129820,0x,,0.310141162,received,0x8c8d1170edec715723d0884775e78d9b3c35e32e
817,4850357,1515031643,0x0c395fc3b4d781fec6ef8409958cc9ffb7d60b969ab31388ba66c55d8e4918f8,48232,0xde0441992c7602bb3584d6201e7ce45fa8efae375de38d3548fc18ac33b45ae7,267,0x180ba8f73897c0cb26d76265fc7868cfd936e617,0x8c8d1170edec715723d0884775e78d9b3c35e32e,315748625000000000,940000,21000000000,0,1,0x,,5683587,21000,11124553,0x,,0.315748625,received,0x8c8d1170edec715723d0884775e78d9b3c35e32e
818,4851904,1515055562,0xc04e77d338e31956823edb38f474f020751ea2522429c352355891f40036535c,516,0x52f56e4ba8996ae75f2ef079e379cae10e1be31187371a654dfbd0fe7c23d55f,239,0x8c8d1170edec715723d0884775e78d9b3c35e32e,0x1881481cefaa344425061e1dcf9317c85464ff5e,2100000000000000000,25200,21000000000,0,1,0x,,6240733,21000,11123006,0x,,2.1,sent,0x8c8d1170edec715723d0884775e78d9b3c35e32e
819,4852470,1515064195,0x53b8d4c7f5f8bd3cd9afabe7f75650d875df52d8d1cc8f5490c429b04cef5dfd,1236167,0x4294992cb4b45a0c8538aa04ba412ffa7f8122340ba2c3e4c46ad0d980ea91b0,81,0x3f5ce5fbfe3e9af3971dd833d26ba9b5c936f0be,0x8c8d1170edec715723d0884775e78d9b3c35e32e,1089404210000000000,21000,60000000000,0,1,0x,,2864978,21000,11122440,0x,,1.08940421,received,0x8c8d1170edec715723d0884775e78d9b3c35e32e
820,4852564,1515065524,0xa288d3e05e40a9f9ed03a2b64baa8325d25888fb80f6c6d44074f5143bae1dd7,517,0xd2507dd539fe34adcbf1ad44ba772de2364c62b505c3823026b27686119f8c95,129,0x8c8d1170edec715723d0884775e78d9b3c35e32e,0x10951f4be201898dafd68fcce216f28b451637f1,1050000000000000000,25200,21000000000,0,1,0x,,3604886,21000,11122346,0x,,1.05,sent,0x8c8d1170edec715723d0884775e78d9b3c35e32e
821,4856079,1515122507,0x5c0377e04b71f23bf5f0ad40942b8a39626afa929e33d8bd82d4f58da1eec412,49025,0xc0091614659ceb58a3be3b5cb1aa09fae3e876327c91fdaf853a73825100d9a0,239,0x180ba8f73897c0cb26d76265fc7868cfd936e617,0x8c8d1170edec715723d0884775e78d9b3c35e32e,305199334000000000,940000,31800000000,0,1,0x,,5622495,21000,11118831,0x,,0.305199334,received,0x8c8d1170edec715723d0884775e78d9b3c35e32e
822,4857278,1515141995,0x94beec24bde50df275ac196aababe9aa91cd3020710bc294b71816051b6bddef,1301036,0x8952f18afbaf081649e27c523e860fc4054f1f5db75de0d25c329de0d6f3c68b,52,0x3f5ce5fbfe3e9af3971dd833d26ba9b5c936f0be,0x8c8d1170edec715723d0884775e78d9b3c35e32e,3508079490000000000,21000,60000000000,0,1,0x,,1853414,21000,11117632,0x,,3.50807949,received,0x8c8d1170edec715723d0884775e78d9b3c35e32e
823,4857333,1515142945,0x033541eb4a1a4a9ad8d1d58d38feb43523acfeeb3296a0a2f1323e2a04fa3df8,518,0x1192ca7e19f9d8905041cdc029a55074c04be41792e79840c0f331bbe4606c92,164,0x8c8d1170edec715723d0884775e78d9b3c35e32e,0x36db5d7ebaee0a474df461aa0653d00a5e1d1797,4000000000000000000,25200,91593750000,0,1,0x,,3576932,21000,11117577,0x,,4,sent,0x8c8d1170edec715723d0884775e78d9b3c35e32e
824,4857978,1515152774,0xa7d92d9b552d05c8e0aff37787ababb6f50b572eef0726b243ac812955565ac8,143,0x63fa185f6bfd7dd6185231c39ed8a15acea4ba0bf1afdb35d3f36f5906a7bc0a,197,0x42ba2619d342ad90c71829b3da4a3279ac95e39d,0x8c8d1170edec715723d0884775e78d9b3c35e32e,1000000000000000000,23100,60000000000,0,1,0x,,5352119,21000,11116932,0x,,1,received,0x8c8d1170edec715723d0884775e78d9b3c35e32e
825,4858002,1515153185,0x32c28e6ee2af0f637109c95b5b3f5e032185fe0eb7e808ab921b4c9400fc1e7f,144,0xda5a5f49759ca7ad12dd8dd0c8b5aabc386cb047e1449bb67f05ea984c0cfe0a,141,0x42ba2619d342ad90c71829b3da4a3279ac95e39d,0x8c8d1170edec715723d0884775e78d9b3c35e32e,2000000000000000000,23100,70000000000,0,1,0x,,4314727,21000,11116908,0x,,2,received,0x8c8d1170edec715723d0884775e78d9b3c35e32e
826,4858265,1515157288,0xf868134a5d89f3282ecd6216d169d0125694c85ecbc89bd03751befacbb8ce53,29783,0xe819fd32c134b8c7025b5545225a8e95726e7ee32e4b3d2a669f15463314eb27,81,0x0fd081e3bb178dc45c0cb23202069dda57064258,0x8c8d1170edec715723d0884775e78d9b3c35e32e,995554000000000000,21000,120000000000,0,1,0x,,1851761,21000,11116645,0x,,0.995554,received,0x8c8d1170edec715723d0884775e78d9b3c35e32e
827,4858265,1515157288,0x748ce5213028e209945052642bf1df17fffe91f788cc66edbbbcabf0a28539d1,29819,0xe819fd32c134b8c7025b5545225a8e95726e7ee32e4b3d2a669f15463314eb27,117,0x0fd081e3bb178dc45c0cb23202069dda57064258,0x8c8d1170edec715723d0884775e78d9b3c35e32e,15000000000000000000,21000,102000000000,0,1,0x,,2617590,21000,11116645,0x,,15,received,0x8c8d1170edec715723d0884775e78d9b3c35e32e
828,4858265,1515157288,0xd48d03f9d186ffc796213a2a305e88d6d93e527b4feb6026539ac8788119b09b,29825,0xe819fd32c134b8c7025b5545225a8e95726e7ee32e4b3d2a669f15463314eb27,123,0x0fd081e3bb178dc45c0cb23202069dda57064258,0x8c8d1170edec715723d0884775e78d9b3c35e32e,1000000000000000000,21000,102000000000,0,1,0x,,2743590,21000,11116645,0x,,1,received,0x8c8d1170edec715723d0884775e78d9b3c35e32e
829,4858615,1515163287,0x64711c1b96c7d2f2aad1ff4db4ea0952cf288e4de33828e20df136eb16ac2a60,519,0xce39ead4301649b5a6f2dc784e88f49a51d42a4cacc5e30358adf5b49fcd2085,203,0x8c8d1170edec715723d0884775e78d9b3c35e32e,0x21b6dfb132482779496514a0be3d92b8627ef2f6,17000000000000000000,25200,122000000000,0,1,0x,,4656814,21000,11116295,0x,,17,sent,0x8c8d1170edec715723d0884775e78d9b3c35e32e
830,4859006,1515169453,0x33005d5ce7c0f0470e83d40c6c4ec008af71e541d75653dbbe7682d3613cf6f9,520,0x1946ffe2c11412271eedef6927190f571b969e860b35a8da21b071b4915d0c9e,89,0x8c8d1170edec715723d0884775e78d9b3c35e32e,0x1a7a8bd9106f2b8d977e08582dc7d24c723ab0db,0,60000,147200000000,0,1,0xa9059cbb0000000000000000000000001a8ff6b5fe693121e63d4dc8e7163808e58b92b2000000000000000000000000000000000000000000000122752fe4196ef80000,,2259575,52376,11115904,0xa9059cbb,"transfer(address _to, uint256 _value)",0,sent,0x8c8d1170edec715723d0884775e78d9b3c35e32e
831,4859015,1515169583,0x7b9065ef330d1cb9bf43ff8d6131663bfc25a462380e900fb98a8a226bb623b7,521,0x19a0ceb91f993be0d4098fc6e6dcffe5708694af8a82f76966ea358e563c73ff,132,0x8c8d1170edec715723d0884775e78d9b3c35e32e,0x1a7a8bd9106f2b8d977e08582dc7d24c723ab0db,0,60000,140000000000,0,1,0xa9059cbb00000000000000000000000042ba2619d342ad90c71829b3da4a3279ac95e39d000000000000000000000000000000000000000000000098df5c92ffe9900000,,2920214,52312,11115895,0xa9059cbb,"transfer(address _to, uint256 _value)",0,sent,0x8c8d1170edec715723d0884775e78d9b3c35e32e
832,4859043,1515170070,0xd30020e1369a17e5587c66ff74b978b8931bf2ffe84c1173cd2a84e80299b9c3,522,0x37130e6714f2a759ec8e83570b416f5c53c028c098d5e5e5f9e0810b581746f8,202,0x8c8d1170edec715723d0884775e78d9b3c35e32e,0x1a7a8bd9106f2b8d977e08582dc7d24c723ab0db,0,60000,150000000000,0,1,0xa9059cbb0000000000000000000000001d082d45172c5860bf85f900a036ee7292ea45af00000000000000000000000000000000000000000000010f0cf064dd59200000,,4576778,52312,11115867,0xa9059cbb,"transfer(address _to, uint256 _value)",0,sent,0x8c8d1170edec715723d0884775e78d9b3c35e32e
833,4859055,1515170241,0x924d78732de83f0ddaf60251d85233ca2d61158bddcb4b582e8f656c7579ad67,523,0xf26498d748df1942a70943791a36bf6b6a090e716cfbc0030c5be7e2d1eb1728,98,0x8c8d1170edec715723d0884775e78d9b3c35e32e,0x1a7a8bd9106f2b8d977e08582dc7d24c723ab0db,0,60000,150000000000,0,1,0xa9059cbb000000000000000000000000fb98875e5e62e3465ec083191b605d2fe41d4000000000000000000000000000000000000000000000000131beb925ffd3200000,,2420562,52312,11115855,0xa9059cbb,"transfer(address _to, uint256 _value)",0,sent,0x8c8d1170edec715723d0884775e78d9b3c35e32e
834,4859061,1515170340,0xd5065da98385db687cbb3644ce2b2208ae529cbc7b87a7b54a80c05a89b9cf21,524,0x6de86344e29f42f3cb9f893cab05b6c9e9b234a343a96ce0a8bb38060fa69a7a,48,0x8c8d1170edec715723d0884775e78d9b3c35e32e,0x1a7a8bd9106f2b8d977e08582dc7d24c723ab0db,0,60000,153912000000,0,1,0xa9059cbb00000000000000000000000001b385d0d3e8b23171c37deba32e2997dff7e1f500000000000000000000000000000000000000000000016e3e559d2d8b100000,,1123128,52376,11115849,0xa9059cbb,"transfer(address _to, uint256 _value)",0,sent,0x8c8d1170edec715723d0884775e78d9b3c35e32e
835,4859215,1515172745,0xf6bf778725e51b72f25b6f194b85e8f82f2fd31b5f052c90860fabdd34bee0b7,525,0xe0d359225ae27b4f762f19a2d9810f4b794019363e46dce8529670e7091ed234,44,0x8c8d1170edec715723d0884775e78d9b3c35e32e,0x1a7a8bd9106f2b8d977e08582dc7d24c723ab0db,0,60000,140000000000,0,1,0xa9059cbb00000000000000000000000073ef8eca7b929618550fccccd23998cbe0eea1bf0000000000000000000000000000000000000000000000008ac7230489e80000,,1008713,52248,11115695,0xa9059cbb,"transfer(address _to, uint256 _value)",0,sent,0x8c8d1170edec715723d0884775e78d9b3c35e32e
836,4861167,1515204531,0x6f2f44de87da1b00279f276e84b445c915c74506ce6850fb5a4aca52803e9930,49836,0x57c0650442b385312ffb36b913bf6b85091a74f09a31b59f1859a0e03aa83cb7,250,0x180ba8f73897c0cb26d76265fc7868cfd936e617,0x8c8d1170edec715723d0884775e78d9b3c35e32e,240628512000000000,940000,121000000000,0,1,0x,,5640083,21000,11113743,0x,,0.240628512,received,0x8c8d1170edec715723d0884775e78d9b3c35e32e
837,4861641,1515212262,0x7eaaf9a4ab235cab4aa4597be2159c614246ab83c72624247a80de89c42aa136,526,0x546958a0958cf0dff1110403e445cff7db5e2f0babd23b72584498f62133c071,224,0x8c8d1170edec715723d0884775e78d9b3c35e32e,0x21b6dfb132482779496514a0be3d92b8627ef2f6,3000000000000000000,25200,177156100000,0,1,0x,,5047824,21000,11113269,0x,,3,sent,0x8c8d1170edec715723d0884775e78d9b3c35e32e
838,4863054,1515234605,0x731be2714b524df87420821e97d531b06cf91f13ec6ecd8b84f29346b8601c7d,1347828,0xf3eeeecf3a12bd91c1f80299067720e19d1786f2141facbc8171f32301b62414,71,0x3f5ce5fbfe3e9af3971dd833d26ba9b5c936f0be,0x8c8d1170edec715723d0884775e78d9b3c35e32e,3000000000000000000,21000,100000000000,0,1,0x,,2539206,21000,11111856,0x,,3,received,0x8c8d1170edec715723d0884775e78d9b3c35e32e
839,4863649,1515244648,0xdfddd193f0bc45e31733b28c236d7253c515c9352badb5e0a5146ef785f96af3,527,0x70afaae41113129f2db53cebb60a8ae3f599864dad8012b9e06e5df9b8edf00c,177,0x8c8d1170edec715723d0884775e78d9b3c35e32e,0xdc30a9f894b1e556d0359f2d4491c8b173b90565,2000000000000000000,25200,74361250000,0,1,0x,,7579204,21000,11111261,0x,,2,sent,0x8c8d1170edec715723d0884775e78d9b3c35e32e
840,4865303,1515270554,0x40eb032d4ed5301aadd8af7d9b92e1fcdcd4bf56cc38010a6a6e2f3661547da7,1370799,0x32b355bb267b0b8152f2eb8d5f82519213b5bb7fc10fc5374943230c53847638,72,0x3f5ce5fbfe3e9af3971dd833d26ba9b5c936f0be,0x8c8d1170edec715723d0884775e78d9b3c35e32e,1000000000000000000,21000,135775310000,0,1,0x,,1533000,21000,11109607,0x,,1,received,0x8c8d1170edec715723d0884775e78d9b3c35e32e
841,4866572,1515290820,0x7dcf18f6c6f128a8f2366f44e02901243675d7fc7d2b0212355ae71ebb65bccb,50653,0x7cbde0f0abb01793c6dd80064275fcedbc26d40a62aa12fdc016dd5522227db7,168,0x180ba8f73897c0cb26d76265fc7868cfd936e617,0x8c8d1170edec715723d0884775e78d9b3c35e32e,316252812000000000,940000,146000000000,0,1,0x,,4721885,21000,11108338,0x,,0.316252812,received,0x8c8d1170edec715723d0884775e78d9b3c35e32e
842,4867366,1515302982,0xd794b2e61e1913591a9472ca9e36c37ca4b7b01c1d8d5a116d8597cfc12d03eb,237,0x7ff5624304fc7cf491ebddd11c75482f02dbd7f2ce6160e7232d31a5d6775d86,74,0x73ef8eca7b929618550fccccd23998cbe0eea1bf,0x8c8d1170edec715723d0884775e78d9b3c35e32e,1000000000000000000,23100,79968750000,0,1,0x,,1901983,21000,11107544,0x,,1,received,0x8c8d1170edec715723d0884775e78d9b3c35e32e
843,4867372,1515303135,0xcc8c6b819d57d002f65b29f67e9e8fb99153cab5bf20d37508eb487f8a689158,528,0xdc6d5df16c29ed464228eb1e26633d495623a59df4e349a06d87446aa26ce5df,29,0x8c8d1170edec715723d0884775e78d9b3c35e32e,0xb96d762978c528151c648b0c55c7c748c1409b04,2500000000000000000,25200,100000000000,0,1,0x,,784603,21000,11107538,0x,,2.5,sent,0x8c8d1170edec715723d0884775e78d9b3c35e32e
844,4867389,1515303383,0x99e8f3ca12313155179b25a8aac0816c2e2bec0b096cd7163991975b5891c4b7,529,0x5b75224f9ecdc09c7ed2edd433654cebe094df523b448070163747ffdf996a63,149,0x8c8d1170edec715723d0884775e78d9b3c35e32e,0x4a536c1ce7ad7f6e8d2e59135e17aef5ef4dd4e6,0,60000,80000000000,0,1,0xa9059cbb000000000000000000000000b96d762978c528151c648b0c55c7c748c1409b0400000000000000000000000000000000000000000000000000000000002b7cd0,,5016754,51903,11107521,0xa9059cbb,"transfer(address _to, uint256 _value)",0,sent,0x8c8d1170edec715723d0884775e78d9b3c35e32e
845,4867595,1515306752,0xbd7952403d401712a07abd0cbee58e9596f26100ab631cbb55d1cad37bf14e4f,530,0x7f4ac2f8bfdbeaaa06269cbb0e23a657c5d51ef4db4ce764eb4cd797d557a2f9,207,0x8c8d1170edec715723d0884775e78d9b3c35e32e,0xb96d762978c528151c648b0c55c7c748c1409b04,1000000000000000000,25200,60000000000,0,1,0x,,7985707,21000,11107315,0x,,1,sent,0x8c8d1170edec715723d0884775e78d9b3c35e32e
846,4869112,1515330754,0x3ad07e419f98a4749c82665f26447c9832835a4f6229d9831a37a882785431ed,1404436,0x499a7f35daca852bffb3da9936d4b4af89fe691ec7333a0aef5568c21f15ed18,143,0x3f5ce5fbfe3e9af3971dd833d26ba9b5c936f0be,0x8c8d1170edec715723d0884775e78d9b3c35e32e,3013432210000000000,21000,100000000000,0,1,0x,,7970277,21000,11105798,0x,,3.01343221,received,0x8c8d1170edec715723d0884775e78d9b3c35e32e
847,4869169,1515331614,0xf5aa03194cadcc1f731de20f0b429286366956e1a8944a5509b887bdb47dfc41,531,0xf7547477e5ed169946456f36b9932d36e9d41cd05002ba000370fc6a46df756e,24,0x8c8d1170edec715723d0884775e78d9b3c35e32e,0x10951f4be201898dafd68fcce216f28b451637f1,2000000000000000000,25200,79288000000,0,1,0x,,1438045,21000,11105741,0x,,2,sent,0x8c8d1170edec715723d0884775e78d9b3c35e32e
848,4869250,1515332959,0x808af5305d62c2715bf10b434e7c1556674076881bdd43a060d94173b7ae1597,532,0xea6aa31bb9529a3c94379694acc398683bdd92fd9cd5f1e1c9d8328e673af216,58,0x8c8d1170edec715723d0884775e78d9b3c35e32e,0x42ba2619d342ad90c71829b3da4a3279ac95e39d,700000000000000000,25200,41593750000,0,1,0x,,1602590,21000,11105660,0x,,0.7,sent,0x8c8d1170edec715723d0884775e78d9b3c35e32e
849,4872134,1515377328,0x1f426bd251b563dd9ba415278ced015966782bc714cc8cf56470ed69532c161a,51454,0xd4b7568cb28458e55832f9da6013004b4acfc912286a4e15908120583ea62618,160,0x180ba8f73897c0cb26d76265fc7868cfd936e617,0x8c8d1170edec715723d0884775e78d9b3c35e32e,305927599000000000,940000,99000000000,0,1,0x,,4100119,21000,11102776,0x,,0.305927599,received,0x8c8d1170edec715723d0884775e78d9b3c35e32e
850,4872577,1515384594,0xd522e413a66a20d3216d8cdd2ce03c23d33fe45b200595356f13a938c804b9b1,533,0x158232805879254801dbfbaf648fffdf0cee35b5e567eb8480cf55811252c884,73,0x8c8d1170edec715723d0884775e78d9b3c35e32e,0x08da80f28b960bdfab798c172ff20619540b9ce5,0,60000,100000000000,0,1,0xa9059cbb00000000000000000000000052a1ac317946c8590231a0e85927c7bbf9c68acf00000000000000000000000000000000000000000000000e3aeb5737240a0000,,1872242,36840,11102333,0xa9059cbb,"transfer(address _to, uint256 _value)",0,sent,0x8c8d1170edec715723d0884775e78d9b3c35e32e
851,4872865,1515389378,0x9a87a1691be7a5e601afa77d7d298ecd0e42b18777ee51771e2cb798ef42e669,1437204,0xff0957025d3d5e6f7d62cdd8cccacfcf3a7ab3536d35b455d03a2038c670d200,86,0x3f5ce5fbfe3e9af3971dd833d26ba9b5c936f0be,0x8c8d1170edec715723d0884775e78d9b3c35e32e,7500000000000000000,21000,100000000000,0,1,0x,,4403437,21000,11102045,0x,,7.5,received,0x8c8d1170edec715723d0884775e78d9b3c35e32e
852,4872975,1515391432,0xe5e560c1baeb5247396d1c2c006b086dd7a5b8defc4455cf11f2f9bd8f444eb1,1438308,0x610f6ab6c22c38ab73f3b3f7309e5c0ac8f24a02d667747dc6c6e4740828e0ef,97,0x3f5ce5fbfe3e9af3971dd833d26ba9b5c936f0be,0x8c8d1170edec715723d0884775e78d9b3c35e32e,2854572550000000000,21000,100000000000,0,1,0x,,2761904,21000,11101935,0x,,2.85457255,received,0x8c8d1170edec715723d0884775e78d9b3c35e32e
853,4873114,1515393488,0x38fb6d5bf1f6214d2a0a7906b40a5f2ff5eb84da210e394d197d87a17d7a44f7,534,0xb8a8a86fa11468687b4b92aace14780f00a715a7a958fbe22f6e52cb6187b4d6,141,0x8c8d1170edec715723d0884775e78d9b3c35e32e,0xd235478bdcb52b43219c8b90b8d94ea2ffced557,10000000000000000000,25200,71000000000,0,1,0x,,3554736,21000,11101796,0x,,10,sent,0x8c8d1170edec715723d0884775e78d9b3c35e32e
854,4874503,1515415005,0x7022a1e745bee382a4aeec41c37dcbef5d82f2a70a7914149b6b4b16fd1fe5dc,23,0x7c716e3a6ad57e40f2a1a9a3d7930ec0c4e6916129af5b13afdf5dc6fb55c084,157,0x21b6dfb132482779496514a0be3d92b8627ef2f6,0x8c8d1170edec715723d0884775e78d9b3c35e32e,18000000000000000000,21000,41000000000,0,1,0x,,4522215,21000,11100407,0x,,18,received,0x8c8d1170edec715723d0884775e78d9b3c35e32e
855,4874859,1515421060,0x2aa8366654244652206492f4bc5447aa6a9fe6cb4643085513dbd03c74372f03,535,0x477ba440b7d80b9080b48a8fb4e25f6d4658c24506ece68c1b30f3f6df56e2fc,75,0x8c8d1170edec715723d0884775e78d9b3c35e32e,0xd235478bdcb52b43219c8b90b8d94ea2ffced557,6000000000000000000,25200,71000000000,0,1,0x,,1807476,21000,11100051,0x,,6,sent,0x8c8d1170edec715723d0884775e78d9b3c35e32e
856,4877284,1515459574,0x35ed2ccc89d45776d3d8cd4dba2c34350b21f7f4fd2e7eaf902eefc8be47fe50,536,0x2652791dd4f2b03fd9b3bc1a1a4f0a82fcd9d2d4622b757d5e900b460d9b392a,186,0x8c8d1170edec715723d0884775e78d9b3c35e32e,0xb96d762978c528151c648b0c55c7c748c1409b04,1500000000000000000,25200,68719476736,0,1,0x,,5487276,21000,11097626,0x,,1.5,sent,0x8c8d1170edec715723d0884775e78d9b3c35e32e
857,4877296,1515459782,0x71d5c85b1711f564023e9f7bebe584f414731b85813a19ef8659d783cf40bae4,537,0x8c049c4c6a37ccd80dd98a73f30137617e9658611b0a4edd57d6f8fe9e9a3959,85,0x8c8d1170edec715723d0884775e78d9b3c35e32e,0x42ba2619d342ad90c71829b3da4a3279ac95e39d,2500000000000000000,25200,70000000000,0,1,0x,,2017369,21000,11097614,0x,,2.5,sent,0x8c8d1170edec715723d0884775e78d9b3c35e32e
858,4877535,1515463833,0x55f6aabc7dcedc2b0714591dbe3cc5c953dd3e436ff99ecbf05ea673ef9e7558,52251,0x0ddf2c5c4cfa6017fecbf046dbd27d28ef82320697b70d8d75d1e51e99c5285b,178,0x180ba8f73897c0cb26d76265fc7868cfd936e617,0x8c8d1170edec715723d0884775e78d9b3c35e32e,297333791000000000,940000,75000000000,0,1,0x,,4842947,21000,11097375,0x,,0.297333791,received,0x8c8d1170edec715723d0884775e78d9b3c35e32e
859,4877559,1515464074,0xe80778aa67d3e9c8c6cb437a139da445f06439087413cd696ddb76b3af1e58e5,538,0xa84f32acb2faaaf0e5592706f0f0d0825b6f39090c395f969e8d48af14ffe16f,160,0x8c8d1170edec715723d0884775e78d9b3c35e32e,0x6ed729fc1cd9cf5303c40e495747eb03b78c5fc2,9000000000000000000,25200,21000000000,0,1,0x,,6796686,21000,11097351,0x,,9,sent,0x8c8d1170edec715723d0884775e78d9b3c35e32e
860,4878332,1515476320,0x49e900458c6938de798657726eb02eef07f28d969e61e92976ccaa9b18fa6e36,27701,0x9acde07288b5f3790f15dc79e5e189aef9b4733378a1e9351f7f843765417f18,41,0x564286362092d8e7936f0549571a803b203aaced,0x8c8d1170edec715723d0884775e78d9b3c35e32e,4038907040000000000,21000,90000000000,0,1,0x,,1355248,21000,11096578,0x,,4.03890704,received,0x8c8d1170edec715723d0884775e78d9b3c35e32e
861,4878482,1515479052,0x1dd80d14b79d0b0515f14cdc168eb7a99e5b5c6b35ad66bd6e9b877a4f91e8a0,539,0x847b960bc4e88c949d395bedeae7006c05bf88e5fa7391d0a49561656bae04c4,64,0x8c8d1170edec715723d0884775e78d9b3c35e32e,0xce53a179047ebed80261689367c093c90a94cc08,1000000000000000000,100000,40000000000,0,1,0x,,1758219,83950,11096428,0x,,1,sent,0x8c8d1170edec715723d0884775e78d9b3c35e32e
862,4878731,1515482963,0xcd63ca1627f313433aba29a6fcaad23096ac584b80bec874c52864b1c675e39c,540,0xa4e6d5db63f79f651a1e10351ccb63665d2f2b627ea62ad8220e8e23fb01edba,173,0x8c8d1170edec715723d0884775e78d9b3c35e32e,0x36db5d7ebaee0a474df461aa0653d00a5e1d1797,2100000000000000000,25200,63000000000,0,1,0x,,4030292,21000,11096179,0x,,2.1,sent,0x8c8d1170edec715723d0884775e78d9b3c35e32e
863,4879371,1515492942,0x89a9d6171ee362c12e3588af97c2d69012b1520f0dc87496d24f237a2e9a2e9f,541,0x1163d0f183cf95d24d5c5445896b9ba68fcc44bd4220a6a80e33a8b3153140db,1,0x8c8d1170edec715723d0884775e78d9b3c35e32e,0x5ba11e7efd181593519ee2a7657e83d82e1c5c56,1000000000000000000,25200,100000000000,0,1,0x,,42000,21000,11095539,0x,,1,sent,0x8c8d1170edec715723d0884775e78d9b3c35e32e
864,4879828,1515500153,0xcfda4fe29a4e83ec4d3fe548b547f7598c567fa08796daf38b81c28d6d84c3f2,542,0xed2eba64f4e8422002989d7cff661665080afdffa5857d98fff435bb9caf0d4d,86,0x8c8d1170edec715723d0884775e78d9b3c35e32e,0x263c618480dbe35c300d8d5ecda19bbb986acaed,0,60000,72000000000,0,1,0xa9059cbb0000000000000000000000009b6416cc9b8c52458026014715174e979976752300000000000000000000000000000000000000000000005c66b0772c05520000,,2463928,36667,11095082,0xa9059cbb,"transfer(address _to, uint256 _value)",0,sent,0x8c8d1170edec715723d0884775e78d9b3c35e32e
865,4882915,1515550037,0x715e7068cd9770349d755d956d0f00ddbf1232965092701227a559b2b7e8c26f,53040,0xf32295f50b19c845859ab76fa0b0668ce424f9fe26ac416d3ec8f7fc8eabdfdb,185,0x180ba8f73897c0cb26d76265fc7868cfd936e617,0x8c8d1170edec715723d0884775e78d9b3c35e32e,302485484000000000,940000,91000000000,0,1,0x,,4901917,21000,11091995,0x,,0.302485484,received,0x8c8d1170edec715723d0884775e78d9b3c35e32e
866,4883078,1515552601,0x9402db9075f40fd2f7ef1bb7ff6e7c8017e1a3f5f6e7983d27426c8133a691a1,543,0x51fc7a58f9981e454966aca275f581f968860f8fcc9f4f2428c6ee0fd5bae327,152,0x8c8d1170edec715723d0884775e78d9b3c35e32e,0x1a7a8bd9106f2b8d977e08582dc7d24c723ab0db,0,60000,91000000000,0,1,0xa9059cbb0000000000000000000000001d082d45172c5860bf85f900a036ee7292ea45af0000000000000000000000000000000000000000000000573d3f11ab4ca00000,,3569114,37248,11091832,0xa9059cbb,"transfer(address _to, uint256 _value)",0,sent,0x8c8d1170edec715723d0884775e78d9b3c35e32e
867,4884041,1515568390,0x4b085687ea9163fb2b305bf0e160714e7461cbba0675423de9d2b38745d2f394,544,0x2dab7347ec27c868860b15309be0ba0aedf9c209ca0f290d955c03262ad81d0b,84,0x8c8d1170edec715723d0884775e78d9b3c35e32e,0xff603f43946a3a28df5e6a73172555d8c8b02386,0,60000,119000000000,0,1,0xa9059cbb0000000000000000000000009b6416cc9b8c52458026014715174e97997675230000000000000000000000000000000000000000000001b1ae4d6e2ef5000000,,2491455,38030,11090869,0xa9059cbb,"transfer(address _to, uint256 _value)",0,sent,0x8c8d1170edec715723d0884775e78d9b3c35e32e
868,4885545,1515592217,0x198eb6c5f73590038d13e62cee6a5af45cc4b1c66b8dd02c6a04095c2965e89a,369,0xd52b63d6ad38976cae3038dcaf1b23930eddf4f55476f338c2f5578c5ea2d4de,168,0x36db5d7ebaee0a474df461aa0653d00a5e1d1797,0x8c8d1170edec715723d0884775e78d9b3c35e32e,2100000000000000000,25200,66593750000,0,1,0x,,5021081,21000,11089365,0x,,2.1,received,0x8c8d1170edec715723d0884775e78d9b3c35e32e
869,4885623,1515593444,0xd3fba3f2f95eb8dc365f9667ab3872ef7f512e43fbdaf49569cdc7951376282a,545,0xd4829dff502b508d8c3f10cceb058f565be3ae2612ce5847251fce6d3d8dfdb3,96,0x8c8d1170edec715723d0884775e78d9b3c35e32e,0x1d082d45172c5860bf85f900a036ee7292ea45af,2100000000000000000,25200,96000000000,0,1,0x,,2150342,21000,11089287,0x,,2.1,sent,0x8c8d1170edec715723d0884775e78d9b3c35e32e
870,4888324,1515636405,0x49db29e129b0333519d487f58f711b6bd9698db6740baa89aaec6bf59bd5f86f,53840,0x4e9da72c533599b912652a53d09f2cf23a996c995fd202d597e9ff4db5db127b,332,0x180ba8f73897c0cb26d76265fc7868cfd936e617,0x8c8d1170edec715723d0884775e78d9b3c35e32e,268574072000000000,940000,100000000000,0,1,0x,,7079279,21000,11086586,0x,,0.268574072,received,0x8c8d1170edec715723d0884775e78d9b3c35e32e
871,4893736,1515722780,0x786a7b6fa5c39b8d7c8dbe2a62bfc6e101e8f73e2779dc818980c84d8d342399,54636,0x910181496ddb3ddea7b24d8eb38e604f012cc7c3120119e6a308fea7ec937c3d,261,0x180ba8f73897c0cb26d76265fc7868cfd936e617,0x8c8d1170edec715723d0884775e78d9b3c35e32e,290402619000000000,940000,90000000000,0,1,0x,,6213749,21000,11081174,0x,,0.290402619,received,0x8c8d1170edec715723d0884775e78d9b3c35e32e
872,4899155,1515809180,0x3405fa58256a8ba5675282e11a7559b88a6afcafacb97574172a3f9111c99a7a,55449,0xf4d024a800331249593fbed7038625b12f80ccce890e36344867efcb4baea75e,211,0x180ba8f73897c0cb26d76265fc7868cfd936e617,0x8c8d1170edec715723d0884775e78d9b3c35e32e,283128521000000000,940000,50000000000,0,1,0x,,6909800,21000,11075755,0x,,0.283128521,received,0x8c8d1170edec715723d0884775e78d9b3c35e32e
873,4904596,1515895511,0xb445ce3ac8c39537ace32c410ccfeaecd65c3b4edc4689a8e9e346cf3b38e18d,56279,0xde1bdcc443ad6409ffadfd8033c0f5870ba4ad4fcc7388822f8c3f494e7df938,28,0x180ba8f73897c0cb26d76265fc7868cfd936e617,0x8c8d1170edec715723d0884775e78d9b3c35e32e,285567148000000000,940000,80000000000,0,1,0x,,1315033,21000,11070314,0x,,0.285567148,received,0x8c8d1170edec715723d0884775e78d9b3c35e32e
874,4905600,1515911136,0xa76cc5c111212b071ae01fddec8e8098728657689dcda6c6199fe1795cecbe6e,546,0x5727c92a42975664f73ac91c5cd36a757ab7e740b80bb42268f76ac722953509,282,0x8c8d1170edec715723d0884775e78d9b3c35e32e,0x42ba2619d342ad90c71829b3da4a3279ac95e39d,677800000000000000,25200,60000000000,0,1,0x,,7204775,21000,11069310,0x,,0.6778,sent,0x8c8d1170edec715723d0884775e78d9b3c35e32e
875,4910196,1515982120,0xb6a1655812c734afdf67bba4d96be2e882ec7ba467f6b1cc89ddf6c3df1a5d83,57123,0xfbf067e6988d01ddbd353c7f805669a1c1afd1f82be5fbd036493c70882c304e,193,0x180ba8f73897c0cb26d76265fc7868cfd936e617,0x8c8d1170edec715723d0884775e78d9b3c35e32e,277932619000000000,940000,52000000000,0,1,0x,,6109646,21000,11064714,0x,,0.277932619,received,0x8c8d1170edec715723d0884775e78d9b3c35e32e
876,4911005,1515994751,0x756dbca09211c29fd06b9926af8206af8e746c1e989f51de86c40ab66b885f61,547,0xc12451b4d08c6f6bd38eb251f507a1af94111d22e106e4d24543add10447712f,74,0x8c8d1170edec715723d0884775e78d9b3c35e32e,0xfa1a856cfa3409cfa145fa4e20eb270df3eb21ab,0,60000,52000000000,0,1,0xa9059cbb000000000000000000000000569dfbc4a2efd97b6bcc9b46454b6a4a742d85de00000000000000000000000000000000000000000000020dd68aaf3289100000,,1891544,52173,11063905,0xa9059cbb,"transfer(address _to, uint256 _value)",0,sent,0x8c8d1170edec715723d0884775e78d9b3c35e32e
877,4911044,1515995401,0x66b176bcb32a5e34ac67d2e6220ec5ba673692f4a11775732b24fc9caa8eb25c,548,0x86922b4b627940bbab989846f0757743512c77b1e55e22b097377bc2a9811f99,126,0x8c8d1170edec715723d0884775e78d9b3c35e32e,0xfa1a856cfa3409cfa145fa4e20eb270df3eb21ab,0,60000,52000000000,0,1,0xa9059cbb0000000000000000000000009b6416cc9b8c52458026014715174e979976752300000000000000000000000000000000000000000000021e19e0c9bab2400000,,4055475,52173,11063866,0xa9059cbb,"transfer(address _to, uint256 _value)",0,sent,0x8c8d1170edec715723d0884775e78d9b3c35e32e
878,4915604,1516068448,0x833d74ee1696a059774870051cc477175595358c45dba6c362bc7e09fb7aac87,57929,0xc167048b5cea62b0ac493fcf0d488d755fe245ecb8984f771e761b7e2a179376,222,0x180ba8f73897c0cb26d76265fc7868cfd936e617,0x8c8d1170edec715723d0884775e78d9b3c35e32e,279765802000000000,940000,52000000000,0,1,0x,,5726194,21000,11059306,0x,,0.279765802,received,0x8c8d1170edec715723d0884775e78d9b3c35e32e
879,4915907,1516072915,0x7820051cc27818a5fdfb6799dd0e30d1c8a3a31b22c8d3c5f66df3fa30b307fb,549,0xb3d6766851a6679d0ee29cee61d6bd6e8e2e1226b6ba76782b6da64d2c4b3025,97,0x8c8d1170edec715723d0884775e78d9b3c35e32e,0xb96eb33e4a1a9ea3b8581abc8185f9597e45e8aa,0,60000,52000000000,0,1,0xa9059cbb00000000000000000000000042ba2619d342ad90c71829b3da4a3279ac95e39d000000000000000000000000000000000000000000000141d86d1c6d06240000,,3190707,52571,11059003,0xa9059cbb,"transfer(address _to, uint256 _value)",0,sent,0x8c8d1170edec715723d0884775e78d9b3c35e32e
880,4915918,1516073092,0x2c91e94bbf2678e10f5217428bdc73a7a9cdeed09e95dad3fd6753cdda2a179e,550,0xf218cd9f030d543f448db5e8edf432964fa71712048bf2d972eede306638fafc,115,0x8c8d1170edec715723d0884775e78d9b3c35e32e,0xb96eb33e4a1a9ea3b8581abc8185f9597e45e8aa,0,60000,52000000000,0,1,0xa9059cbb0000000000000000000000006ed729fc1cd9cf5303c40e495747eb03b78c5fc2000000000000000000000000000000000000000000000141d86d1c6d06240000,,3513374,52571,11058992,0xa9059cbb,"transfer(address _to, uint256 _value)",0,sent,0x8c8d1170edec715723d0884775e78d9b3c35e32e
881,4915926,1516073206,0xcaf53ad3a865451b6faf0658ec21ec31c2defa93867c11756846e9658c7dfac3,551,0x203815bbb4341667e3a2d6403f1ec5917dad69f4ce424a6820fe6e7db862f97f,19,0x8c8d1170edec715723d0884775e78d9b3c35e32e,0xb96eb33e4a1a9ea3b8581abc8185f9597e45e8aa,0,60000,52000000000,0,1,0xa9059cbb000000000000000000000000b96d762978c528151c648b0c55c7c748c1409b04000000000000000000000000000000000000000000000141d86d1c6d06240000,,534638,52571,11058984,0xa9059cbb,"transfer(address _to, uint256 _value)",0,sent,0x8c8d1170edec715723d0884775e78d9b3c35e32e
882,4917066,1516090572,0xa48d5e28960726a95c8411deb37373214a00edbae48e5c6efbf453d8be9cc2ed,552,0x17dd8a806cac76d1fc6d5b9c2ae2cd94bb7370c7c2e531eb47c3c5467dc43759,241,0x8c8d1170edec715723d0884775e78d9b3c35e32e,0xfbb9f250d89350f7d287d893b5b0ba55a6c56c43,100000000000000000,25200,51000000000,0,1,0x,,6121480,21000,11057844,0x,,0.1,sent,0x8c8d1170edec715723d0884775e78d9b3c35e32e
883,4917638,1516099413,0x6f687a60483c2033891c2a804474c4f637501a421e4f08ee62c7fd6dd4302120,49308,0xa1404f42de44044b86b6bbde9409b769da430ce97e4efcc040213a23adfd905a,48,0x0fd081e3bb178dc45c0cb23202069dda57064258,0x8c8d1170edec715723d0884775e78d9b3c35e32e,2500000000000000000,21000,102000000000,0,1,0x,,1119863,21000,11057272,0x,,2.5,received,0x8c8d1170edec715723d0884775e78d9b3c35e32e
884,4917719,1516100892,0x2d0920e927ad6f833165bc85f1b78ab783f0c38353c2741022c8b499153d2841,118585,0xcc4b718689a34469b92b9e5e213f985e6afd5b637a9ed87fd02eb7537c18d325,171,0x564286362092d8e7936f0549571a803b203aaced,0x8c8d1170edec715723d0884775e78d9b3c35e32e,1288845360000000000,21000,100000000000,0,1,0x,,5372287,21000,11057191,0x,,1.28884536,received,0x8c8d1170edec715723d0884775e78d9b3c35e32e
885,4917957,1516104895,0x34cc666f8966771892d426da7129338f852d63b2536dac301466c0287b28e6d5,553,0xf81c6e36ffc835b4c15160325d3c8871e00c24a333e4a142fb103347c77b1861,129,0x8c8d1170edec715723d0884775e78d9b3c35e32e,0x1881481cefaa344425061e1dcf9317c85464ff5e,5200000000000000000,25200,52000000000,0,1,0x,,3198734,21000,11056953,0x,,5.2,sent,0x8c8d1170edec715723d0884775e78d9b3c35e32e
886,4921126,1516154800,0xa800367b1ecb7395fc6b5ef0910e7bb324fb2628b60c902ae3c70d3a39a54f84,58748,0x95c20742835142fd22acd34ea0a26dc19a07b50df260762fa213c3f593b9d9f3,159,0x180ba8f73897c0cb26d76265fc7868cfd936e617,0x8c8d1170edec715723d0884775e78d9b3c35e32e,275930241000000000,940000,52000000000,0,1,0x,,4089933,21000,11053784,0x,,0.275930241,received,0x8c8d1170edec715723d0884775e78d9b3c35e32e
887,4923349,1516189352,0x950d3bbd4021a1be6885f8d3fb28a77f642f55186fdc6f8f9d2066df30b97402,50741,0x4c5371fc53e0cd44a994d82a3742d240b3f3f9f3e82eae0719b2d5b4a4dd4258,13,0x0fd081e3bb178dc45c0cb23202069dda57064258,0x8c8d1170edec715723d0884775e78d9b3c35e32e,4000000000000000000,21000,102000000000,0,1,0x,,324470,21000,11051561,0x,,4,received,0x8c8d1170edec715723d0884775e78d9b3c35e32e
888,4923359,1516189482,0xc6c2e88e52cf683c18fb439dc66277c6541c4a4625d2091690b6e17278e7d6ed,554,0xe96669ccef42b83de477fe1f71c903191aae7b08b600865c768e0d7a1cefbf87,197,0x8c8d1170edec715723d0884775e78d9b3c35e32e,0x5ba11e7efd181593519ee2a7657e83d82e1c5c56,4000000000000000000,25200,51000000000,0,1,0x,,5308854,21000,11051551,0x,,4,sent,0x8c8d1170edec715723d0884775e78d9b3c35e32e
889,4926365,1516235669,0x399fc35acc272f8fe632b97d719172829a8ad78212fdffd87bad35ebfdecaaee,555,0xf6d7cdd984f3bf641ea4b49d3b4d10bfb4559c8b7c18c177858b180b74e789f9,22,0x8c8d1170edec715723d0884775e78d9b3c35e32e,0xfa1a856cfa3409cfa145fa4e20eb270df3eb21ab,0,60000,67000000000,0,1,0xa9059cbb0000000000000000000000007d9fe4126ef4ab5e44998b6684a482f2b41afb2b0000000000000000000000000000000000000000000010f0cf064dd592000000,,679127,37109,11048545,0xa9059cbb,"transfer(address _to, uint256 _value)",0,sent,0x8c8d1170edec715723d0884775e78d9b3c35e32e
890,4926709,1516241319,0x4cd4f28baedbd30f2227e6b5faae270c914caea72e9e7759af05b1a9d3a52249,59571,0xe87df5cf18739af5191c8256746eaabe7fefbfc0ef81ce6832b5c613b8b819a2,155,0x180ba8f73897c0cb26d76265fc7868cfd936e617,0x8c8d1170edec715723d0884775e78d9b3c35e32e,268962466000000000,940000,67000000000,0,1,0x,,4058707,21000,11048201,0x,,0.268962466,received,0x8c8d1170edec715723d0884775e78d9b3c35e32e
891,4927452,1516252969,0xd95520af7bfad357980c8c58cd98d23780a3910e316dfa4e2d525504a7168476,37,0x5f29f5918b253c5ac8396fcc5d70fc82017ff0ac34fafce1148fc88fba8dcb23,270,0xfbb9f250d89350f7d287d893b5b0ba55a6c56c43,0x8c8d1170edec715723d0884775e78d9b3c35e32e,468600000000000000,100000,55000000000,0,1,0x,,6958636,21000,11047458,0x,,0.4686,received,0x8c8d1170edec715723d0884775e78d9b3c35e32e
892,4928849,1516274309,0x9ab0b53357d76d5f38a9b03bd9a12df50f9d6107ac62d3d3d30a3c798005c172,556,0xcbd4b8ca2b90a22af58a7ba3060a5dc836d1a448f1b0fecfa5a0f53d90210b21,110,0x8c8d1170edec715723d0884775e78d9b3c35e32e,0xfbb9f250d89350f7d287d893b5b0ba55a6c56c43,1000000000000000000,25200,50000000000,0,1,0x,,2478687,21000,11046061,0x,,1,sent,0x8c8d1170edec715723d0884775e78d9b3c35e32e
893,4929833,1516289721,0xd469419326a0f456a812ca1e9de028a6f64430838231e32ef13997b6362b65ee,367,0x6b9030265faa355a58b01cb7d014821c4941dfcce3487de7394fce52d735a443,67,0x5ba11e7efd181593519ee2a7657e83d82e1c5c56,0x8c8d1170edec715723d0884775e78d9b3c35e32e,4000000000000000000,25200,50000000000,0,1,0x,,1830921,21000,11045077,0x,,4,received,0x8c8d1170edec715723d0884775e78d9b3c35e32e
894,4932284,1516327594,0x73e982877d0dd8cb56ba5ffe15e68409f556db415ca482c0470893b64fcd9072,60394,0x87fcd4d4dd30fe2b2803678ca7d3846b63a1bb5e4db8debc86be6cd4936aa410,172,0x180ba8f73897c0cb26d76265fc7868cfd936e617,0x8c8d1170edec715723d0884775e78d9b3c35e32e,268752135000000000,940000,57000000000,0,1,0x,,3882408,21000,11042626,0x,,0.268752135,received,0x8c8d1170edec715723d0884775e78d9b3c35e32e
895,4932472,1516330267,0x36f30c982c322c221649fdf990e9feab77494e72fc2d5bb0a4797d2a48c251fe,557,0x545db59ac50a9b5735a58a5ac0236c64dd42e92ffe191402a20f7411cc63ae26,73,0x8c8d1170edec715723d0884775e78d9b3c35e32e,0x1d082d45172c5860bf85f900a036ee7292ea45af,4200000000000000000,25200,57000000000,0,1,0x,,2459423,21000,11042438,0x,,4.2,sent,0x8c8d1170edec715723d0884775e78d9b3c35e32e
896,4932572,1516331873,0xcc77766b2e027a81be6270b6b914bcd8ff169eff6525e6b0ca147089a7dfe7a4,72,0xdca7dd44447afdd3b80c073d6c17153d8dca063d8e400291e5020902e666b3cf,157,0xfbb9f250d89350f7d287d893b5b0ba55a6c56c43,0x8c8d1170edec715723d0884775e78d9b3c35e32e,59700000000000000,100000,18000000000,0,1,0x,,4075261,21000,11042338,0x,,0.0597,received,0x8c8d1170edec715723d0884775e78d9b3c35e32e
897,4935317,1516373845,0x5e6a97539b9225f9434fab84b97ca40ad7698dc5754f68b52275593e98afaa8f,558,0x988155742a82b0c20902ee1e523df5014002b33e016a116dd5ffd49063299258,116,0x8c8d1170edec715723d0884775e78d9b3c35e32e,0xfa1a856cfa3409cfa145fa4e20eb270df3eb21ab,0,60000,8000000000,0,1,0xa9059cbb0000000000000000000000007d9fe4126ef4ab5e44998b6684a482f2b41afb2b0000000000000000000000000000000000000000000010f0cf064dd592000000,,4365591,24026,11039593,0xa9059cbb,"transfer(address _to, uint256 _value)",0,sent,0x8c8d1170edec715723d0884775e78d9b3c35e32e
898,4937512,1516406763,0xebd23bfdd3c84804aff40a2a9be547dafbb321d4ce6d6bac33583e20b7a75e16,156047,0x4f4a32fdaa18fe9d33babbb0ebefa8ac6d69d3eb0b2241b95bae7204b7e29b90,0,0x564286362092d8e7936f0549571a803b203aaced,0x8c8d1170edec715723d0884775e78d9b3c35e32e,7351807350000000000,21000,100000000000,0,1,0x,,21000,21000,11037398,0x,,7.35180735,received,0x8c8d1170edec715723d0884775e78d9b3c35e32e
899,4937536,1516407027,0xef43069ecb93efc661f0f682f82f9710432436bc98735358342d09dd03ee952e,559,0xe4273580380566c95bbe30b794b6d55b91f73d1ac25eaefdda47786947f48550,96,0x8c8d1170edec715723d0884775e78d9b3c35e32e,0xb6b2e89d76be7ddadd042ba28278aa82a7aa07e8,7000000000000000000,25200,50000000000,0,1,0x,,2309553,21000,11037374,0x,,7,sent,0x8c8d1170edec715723d0884775e78d9b3c35e32e
900,4938035,1516414810,0x3092ec4dec003477db10133db4011f2bfb0254655e81163b32e013564c856051,61217,0x6f06cb22d93bace3ec19729001564eb807ad0ad438a4a5b0c975faea8aaf6281,122,0x180ba8f73897c0cb26d76265fc7868cfd936e617,0x8c8d1170edec715723d0884775e78d9b3c35e32e,269332449000000000,940000,50000000000,0,1,0x,,3694189,21000,11036875,0x,,0.269332449,received,0x8c8d1170edec715723d0884775e78d9b3c35e32e
901,4938220,1516417859,0x908d415502c7e03068298384032cd5e3a291813ae9a284c4bb3c8ec95a2b57b2,94,0xf644c3bca2d135c50d881e7a4cbdc6e2479da3c6bfa00c26a48f150ac7699f3e,82,0xfbb9f250d89350f7d287d893b5b0ba55a6c56c43,0x8c8d1170edec715723d0884775e78d9b3c35e32e,140400000000000000,100000,15000000000,0,1,0x,,2984304,21000,11036690,0x,,0.1404,received,0x8c8d1170edec715723d0884775e78d9b3c35e32e
902,4943845,1516500254,0x12e5733afb3866e630347015ec8b5821b2bcfc701a27096258a3c20ad48dfd2f,62053,0x3493cfc0214c711a90766e7c07dc19e6da1db336701cb000f1f7051085e9c95a,69,0x180ba8f73897c0cb26d76265fc7868cfd936e617,0x8c8d1170edec715723d0884775e78d9b3c35e32e,259498702000000000,940000,49000000000,0,1,0x,,1978142,21000,11031065,0x,,0.259498702,received,0x8c8d1170edec715723d0884775e78d9b3c35e32e
903,4943959,1516501677,0x74276d682da2535c0459ebf0d8c7b41cc7193a7aa6461efd414e4f3db29b7a7d,117,0xfc28b6d8d6684b4b12f45931b32b3b830124ea30c1de212386a34908e8a22c48,151,0xfbb9f250d89350f7d287d893b5b0ba55a6c56c43,0x8c8d1170edec715723d0884775e78d9b3c35e32e,44400000000000000,100000,9000000000,0,1,0x,,4763206,21000,11030951,0x,,0.0444,received,0x8c8d1170edec715723d0884775e78d9b3c35e32e
904,4946734,1516543065,0x5c2c0ce4d978587bd14d1653030a694f94fe215a2f15adaf074676eadbd90635,560,0x40642de817479d611036a7c241fd18105f868cf3206a9be8bca27f7be5396125,68,0x8c8d1170edec715723d0884775e78d9b3c35e32e,0x42ba2619d342ad90c71829b3da4a3279ac95e39d,633400000000000000,25200,18937500000,0,1,0x,,2663350,21000,11028176,0x,,0.6334,sent,0x8c8d1170edec715723d0884775e78d9b3c35e32e
905,4949271,1516580729,0x1ae7909cde24d3c2fd50687f4568af1ca47a9d742e354076817aca2422e76c15,137,0xaa2a8bdf71f728b9d73ae0c7053610cd4f13947c9b990657b22a92b613fb6561,106,0xfbb9f250d89350f7d287d893b5b0ba55a6c56c43,0x8c8d1170edec715723d0884775e78d9b3c35e32e,15600000000000000,100000,9000000000,0,1,0x,,6813123,21000,11025639,0x,,0.0156,received,0x8c8d1170edec715723d0884775e78d9b3c35e32e
906,4949682,1516586763,0x6b47cb6ab49b3f2271d5a820726e733081cdc934adbbd4687cf134f3e2b766c0,62894,0x7b05e6183652a60a04e1346093d7f2b6da37f494badc94b67ecb63f0032b55b9,123,0x180ba8f73897c0cb26d76265fc7868cfd936e617,0x8c8d1170edec715723d0884775e78d9b3c35e32e,244671291000000000,940000,30000000000,0,1,0x,,2784787,21000,11025228,0x,,0.244671291,received,0x8c8d1170edec715723d0884775e78d9b3c35e32e
907,4950383,1516596390,0x2c0b18e8b96970fd8851b0c6da8d522b56911fb95d0d86b46860e4c33575ec3c,391,0x0657c5b58e010032f4a554a8c0dc591398e59f1b0bf86b3fc1df2e707408a2ac,72,0x36db5d7ebaee0a474df461aa0653d00a5e1d1797,0x8c8d1170edec715723d0884775e78d9b3c35e32e,4000000000000000000,25200,40031250000,0,1,0x,,1716428,21000,11024527,0x,,4,received,0x8c8d1170edec715723d0884775e78d9b3c35e32e
908,4950866,1516603555,0x930990243c18767c9000aa9b3fe6edeb2d5c8868e899dc5892106801ec79eb85,561,0x0ecb7ab3861d418cbec4d16927bc745dd3ab54b58a4d63b5eb937e163713f1ed,100,0x8c8d1170edec715723d0884775e78d9b3c35e32e,0x1d082d45172c5860bf85f900a036ee7292ea45af,4800000000000000000,25200,8000000000,0,1,0x,,4034009,21000,11024044,0x,,4.8,sent,0x8c8d1170edec715723d0884775e78d9b3c35e32e
909,4955549,1516673100,0x20b535c4e14bc12a3b9cceeb79c9ca3da5d3295bd536d9352af7f9657dc5dbb1,63724,0x27ef7f532e0ccf2ae66d87760ebc77b60dcefefaaf6fbb19d8f91bc416955578,247,0x180ba8f73897c0cb26d76265fc7868cfd936e617,0x8c8d1170edec715723d0884775e78d9b3c35e32e,253602572000000000,940000,35000000000,0,1,0x,,6585526,21000,11019361,0x,,0.253602572,received,0x8c8d1170edec715723d0884775e78d9b3c35e32e
910,4957445,1516700849,0x3bd54a7a611715ae14552312fd8e172c40c5764dd66c700be2805bdd9fa20ae9,155,0xcce0214dd0e9d39a5fb954fd78ce250b9581ca8bc9b420003b6a6ba70415a40b,95,0x42ba2619d342ad90c71829b3da4a3279ac95e39d,0x8c8d1170edec715723d0884775e78d9b3c35e32e,1400000000000000000,23100,35000000000,0,1,0x,,3239237,21000,11017465,0x,,1.4,received,0x8c8d1170edec715723d0884775e78d9b3c35e32e
911,4957449,1516700913,0x5a9dd69c5165c01fb887fc8c1146940fe2dfc1ea984439f994055fb36cdc4bfb,18,0x5f766ae5735d8908cdd038537fa5378209b30e83a82cc63696e71d49fce4e143,19,0x6ed729fc1cd9cf5303c40e495747eb03b78c5fc2,0x8c8d1170edec715723d0884775e78d9b3c35e32e,1500000000000000000,25200,68156250000,0,1,0x,,763637,21000,11017461,0x,,1.5,received,0x8c8d1170edec715723d0884775e78d9b3c35e32e
912,4957462,1516701172,0xc7e0e81aed35535a7f68ab8f836ec8e717aa6751bdd69f546ac57d281630cff0,562,0x555ac393e4067d6c1c69685381b683c1737be52303221463d158cc58ead94457,54,0x8c8d1170edec715723d0884775e78d9b3c35e32e,0x5ba11e7efd181593519ee2a7657e83d82e1c5c56,3000000000000000000,25200,30000000000,0,1,0x,,2199667,21000,11017448,0x,,3,sent,0x8c8d1170edec715723d0884775e78d9b3c35e32e
913,4957798,1516706128,0x77b8c63480ecd76498a02d094c0a0e01dd958c0afffe4b69ac69a3bcf0c5bfb2,56555,0x01e4745951d74e5fc50fcba22cc4a8d4ae434797967a01f2ba169397f8a56f3f,6,0x0fd081e3bb178dc45c0cb23202069dda57064258,0x8c8d1170edec715723d0884775e78d9b3c35e32e,2990000000000000000,21000,102000000000,0,1,0x,,513243,21000,11017112,0x,,2.99,received,0x8c8d1170edec715723d0884775e78d9b3c35e32e
914,4957820,1516706434,0x4e84cc3e28811ab766811334f1f0af566b8597dfcc0e88b9b9b35f056ee1a2cf,563,0xfe7fe729635dad5a1f57f389e0124dfd39c1a281f57c760694e907b7b178e7f1,84,0x8c8d1170edec715723d0884775e78d9b3c35e32e,0x42ba2619d342ad90c71829b3da4a3279ac95e39d,1400000000000000000,25200,25000000000,0,1,0x,,3199665,21000,11017090,0x,,1.4,sent,0x8c8d1170edec715723d0884775e78d9b3c35e32e
915,4957824,1516706504,0xa9e5fe3e485c406844c2f5a91f5b5c7d5bc75ed670793aa422dfab965f817f36,564,0xcc7b4364915ac0101dd6a9466fff060941cf3a67ba19c62ed11e3d4aa519f1d0,53,0x8c8d1170edec715723d0884775e78d9b3c35e32e,0x6ed729fc1cd9cf5303c40e495747eb03b78c5fc2,500000000000000000,25200,25000000000,0,1,0x,,2478163,21000,11017086,0x,,0.5,sent,0x8c8d1170edec715723d0884775e78d9b3c35e32e
916,4961482,1516759483,0x2f03376ae4c4a12a29cb3aa14213049c1adab842397e87d7cf081b2561f0242e,64575,0x26fb3b55f60b22b548b89dcff48ac79458e191bbe0924dafb259b583334848a9,276,0x180ba8f73897c0cb26d76265fc7868cfd936e617,0x8c8d1170edec715723d0884775e78d9b3c35e32e,252375279000000000,940000,40000000000,0,1,0x,,6412274,21000,11013428,0x,,0.252375279,received,0x8c8d1170edec715723d0884775e78d9b3c35e32e
917,4962765,1516778130,0xba9deaa82d436dcef6b44f8668ac54faf637986ec2f5883509da0bfe5c18134c,57288,0xa2135990086a9a340708f8f7e5e3a78af62e34b8c5eca08acca7de7171a56e51,181,0x0fd081e3bb178dc45c0cb23202069dda57064258,0x8c8d1170edec715723d0884775e78d9b3c35e32e,5777000000000000000,21000,102000000000,0,1,0x,,6633122,21000,11012145,0x,,5.777,received,0x8c8d1170edec715723d0884775e78d9b3c35e32e
918,4962780,1516778315,0xbc4598400912e3433fbc7dad55872cd311f4380796188c7a7b2a38a0953e1a33,565,0x9ed937169d2425f47eab1d257ffa4cda84c7bf2af90b77fbd169d1c023d4939c,27,0x8c8d1170edec715723d0884775e78d9b3c35e32e,0x1881481cefaa344425061e1dcf9317c85464ff5e,7300000000000000000,25200,35000000000,0,1,0x,,756438,21000,11012130,0x,,7.3,sent,0x8c8d1170edec715723d0884775e78d9b3c35e32e
919,4962964,1516780845,0xc053c8e0da13dc52cd7c5d11a2f777903ea4a6f852c22f3d3901808171e0bc2c,19,0xcd675f790734fd4db1043c7c63f22d1cc2070e0b89f077d7172f77244a070be7,25,0x6ed729fc1cd9cf5303c40e495747eb03b78c5fc2,0x8c8d1170edec715723d0884775e78d9b3c35e32e,500000000000000000,25200,50187500000,0,1,0x,,873350,21000,11011946,0x,,0.5,received,0x8c8d1170edec715723d0884775e78d9b3c35e32e
920,4962976,1516781056,0x6f82c49cd1619ecaf06cca819d94274e711eaa57e7db4b7f8d258dc08b8cfbd1,566,0x4b1d23edd29986d01d30d2061db767fba70071763e881f81a34883ade9feb5da,98,0x8c8d1170edec715723d0884775e78d9b3c35e32e,0x1881481cefaa344425061e1dcf9317c85464ff5e,100000000000000000,25200,30000000000,0,1,0x,,2456247,21000,11011934,0x,,0.1,sent,0x8c8d1170edec715723d0884775e78d9b3c35e32e
921,4966811,1516836933,0x69fc07beb920c2b15bf440c89a982599bdfc8bb8bc34c4db1e943a8a1335262e,567,0xbef116db76f0c43bc62a102b45022eccf04751c1254fce8b5ebe57df1e82d3c4,58,0x8c8d1170edec715723d0884775e78d9b3c35e32e,0x7d9fe4126ef4ab5e44998b6684a482f2b41afb2b,390000000000000000,25200,40000000000,0,1,0x,,2680122,21000,11008099,0x,,0.39,sent,0x8c8d1170edec715723d0884775e78d9b3c35e32e
922,4966851,1516837700,0x2fb7cbdf76402cc9ce4e18298c4499f6dd3c7bcb4a4d1d95142078802fc64978,568,0xd4236afb27d84a854ab7672cf0dd87e1a3892ac005d27ff364f63c115063393d,327,0x8c8d1170edec715723d0884775e78d9b3c35e32e,0xfa1a856cfa3409cfa145fa4e20eb270df3eb21ab,0,60000,40000000000,0,1,0xa9059cbb0000000000000000000000001d082d45172c5860bf85f900a036ee7292ea45af0000000000000000000000000000000000000000000010ba993ca00fb3600000,,7509954,37109,11008059,0xa9059cbb,"transfer(address _to, uint256 _value)",0,sent,0x8c8d1170edec715723d0884775e78d9b3c35e32e
923,4967363,1516844881,0xca253d9794890cfb541ad94d137caa25e93ba1a7747cb22496ca3b36c82c86a8,569,0xe07753ffdf7cbb9d686e584bc83592488987290b8e5c906060a26f11bea76c4a,241,0x8c8d1170edec715723d0884775e78d9b3c35e32e,0x9f5f3cfd7a32700c93f971637407ff17b91c7342,0,60000,8000000000,0,1,0xa9059cbb000000000000000000000000b96d762978c528151c648b0c55c7c748c1409b040000000000000000000000000000000000000000000000aba11381d026b80000,,7490554,55669,11007547,0xa9059cbb,"transfer(address _to, uint256 _value)",0,sent,0x8c8d1170edec715723d0884775e78d9b3c35e32e
924,4967368,1516844942,0x4f6b0a73b3a51b77f09444b6172b109cfcd1d787200b5c50d7663b90ce22862f,570,0xf42399735a8bf8aa9e4c073fbf111cfe1cde751e18aac16eb00e5a6a153f5c0d,174,0x8c8d1170edec715723d0884775e78d9b3c35e32e,0x9f5f3cfd7a32700c93f971637407ff17b91c7342,0,60000,8000000000,0,1,0xa9059cbb0000000000000000000000006ed729fc1cd9cf5303c40e495747eb03b78c5fc20000000000000000000000000000000000000000000000aba11381d026b80000,,5228163,55669,11007542,0xa9059cbb,"transfer(address _to, uint256 _value)",0,sent,0x8c8d1170edec715723d0884775e78d9b3c35e32e
925,4967435,1516845968,0x8a1b29e777866e7cd5488bc3aa5f8ba3b0a9a1758ec00f89e5eda997fcf31491,65444,0x3d0f88cc96b0b21b0799f0076797c1a133e0a9a8ba48e3c7c66ed39b0196409f,225,0x180ba8f73897c0cb26d76265fc7868cfd936e617,0x8c8d1170edec715723d0884775e78d9b3c35e32e,247923593000000000,940000,40000000000,0,1,0x,,5578585,21000,11007475,0x,,0.247923593,received,0x8c8d1170edec715723d0884775e78d9b3c35e32e
926,4968561,1516862239,0xd339f4f83d3adf04f763cb7ca4637e94b639a72e7d6cb6168511aae97f363f90,571,0x549f9ebb6c7e40a915953ebcef0aa651d0aadf13a59dc01ae2075393521ac2d6,59,0x8c8d1170edec715723d0884775e78d9b3c35e32e,0xfa1a856cfa3409cfa145fa4e20eb270df3eb21ab,0,60000,25000000001,0,1,0xa9059cbb0000000000000000000000001d082d45172c5860bf85f900a036ee7292ea45af000000000000000000000000000000000000000000000aa6c4ba0b2da4700000,,2164506,37109,11006349,0xa9059cbb,"transfer(address _to, uint256 _value)",0,sent,0x8c8d1170edec715723d0884775e78d9b3c35e32e
927,4973347,1516932243,0x2a811f3986f689bc9f998cdbbc35e035bb8ebb99fa3d7ace8bc4dc9bedbf3b77,66301,0x0b90d9226930cf8d0c1389a6333afae4159e9a7da9995be98f6515c480435367,61,0x180ba8f73897c0cb26d76265fc7868cfd936e617,0x8c8d1170edec715723d0884775e78d9b3c35e32e,242560299000000000,940000,20000000000,0,1,0x,,2950772,21000,11001563,0x,,0.242560299,received,0x8c8d1170edec715723d0884775e78d9b3c35e32e
928,4974772,1516953226,0x9765459f5f38522c42f6144213fde0e2b0b446b426b4297a0afc27e1c0146b6f,1683048,0xa16f0cfbe80d5ce4af06351c5ce9602c5b88a5918f0c19907bedbac3996a1ea9,16,0x3f5ce5fbfe3e9af3971dd833d26ba9b5c936f0be,0x8c8d1170edec715723d0884775e78d9b3c35e32e,4731735390000000000,21000,100000000000,0,1,0x,,880963,21000,11000138,0x,,4.73173539,received,0x8c8d1170edec715723d0884775e78d9b3c35e32e
929,4974788,1516953419,0x71c2cdb9cd0e54fe6379bda75987100fc96aa1a856d540f0930b2c90db703ec9,1683073,0x3df7a3dad1b9beb8ce4de6aa26e59b4722193e6bcc5126cc4bcba64c63458a87,4,0x3f5ce5fbfe3e9af3971dd833d26ba9b5c936f0be,0x8c8d1170edec715723d0884775e78d9b3c35e32e,243948800000000000,21000,100000000000,0,1,0x,,155191,21000,11000122,0x,,0.2439488,received,0x8c8d1170edec715723d0884775e78d9b3c35e32e
930,4974795,1516953504,0xa5d3c96688541de74019e0f28890eec8377bb6644de1cacebd592980b0e50b82,572,0x092cae562b443bccb1cf0a1859adffb14189f2fa231d211079b0f069943cb213,108,0x8c8d1170edec715723d0884775e78d9b3c35e32e,0xff4a6153adaf521c0c4be86265183249f2c7c961,5250000000000000000,25200,20000000000,0,1,0x,,3272302,21000,11000115,0x,,5.25,sent,0x8c8d1170edec715723d0884775e78d9b3c35e32e
931,4979256,1517018677,0x6ced221df18bcadc2e4ada42fd02200f29fda7a809feeb0421734d21bd3a53ad,67168,0x6791273f01949afc09e25e648419b3395ac29f2c82581999ee7ef1c94bbc3746,69,0x180ba8f73897c0cb26d76265fc7868cfd936e617,0x8c8d1170edec715723d0884775e78d9b3c35e32e,240672458000000000,940000,20000000000,0,1,0x,,5918401,21000,10995654,0x,,0.240672458,received,0x8c8d1170edec715723d0884775e78d9b3c35e32e
932,4981279,1517047790,0x2bef1fa2423026d7e478c33849ed740dd26c120982ece13b921617d2614cb337,218112,0x095c7b16e9d6c494e5f2c20256a1f7c97478b7679b8f005395853eba8d1d1ed8,19,0x564286362092d8e7936f0549571a803b203aaced,0x8c8d1170edec715723d0884775e78d9b3c35e32e,4897519970000000000,21000,100000000000,0,1,0x,,807669,21000,10993631,0x,,4.89751997,received,0x8c8d1170edec715723d0884775e78d9b3c35e32e
933,4981295,1517048043,0xecd2b39a74278156f0f438d38727232568546e04d1eabc1f376e4f80abaf5e08,573,0xb0b7ffb0af303962c593777d38b3fd2cfa9200a515e587b3b9df60decf833805,166,0x8c8d1170edec715723d0884775e78d9b3c35e32e,0x5ba11e7efd181593519ee2a7657e83d82e1c5c56,2000000000000000000,25200,20000000000,0,1,0x,,4746703,21000,10993615,0x,,2,sent,0x8c8d1170edec715723d0884775e78d9b3c35e32e
934,4985247,1517105048,0x0d0aeaeb7f814b9fa6b663a2d64afc928408ec5e32a0793e92de4c01500743ae,68054,0x5ea8f053ae4495ffd58b34591deab8f84b9f0b1ea4e839ac854b35406b04e25a,83,0x180ba8f73897c0cb26d76265fc7868cfd936e617,0x8c8d1170edec715723d0884775e78d9b3c35e32e,227384568000000000,940000,20000000000,0,1,0x,,3083690,21000,10989663,0x,,0.227384568,received,0x8c8d1170edec715723d0884775e78d9b3c35e32e
935,4986236,1517119304,0xe6ee367de5afdaa65e2644b21fffb557c87b5a00572b5163d36d349db04ba377,574,0x2757cb6eb737a3fd6173c69f20a1549ba1240d475cbfa9a7a1ca60e7bb4aec0b,126,0x8c8d1170edec715723d0884775e78d9b3c35e32e,0x42ba2619d342ad90c71829b3da4a3279ac95e39d,569700000000000000,25200,8000000000,0,1,0x,,3922802,21000,10988674,0x,,0.5697,sent,0x8c8d1170edec715723d0884775e78d9b3c35e32e
936,4988122,1517146312,0xe56e2eda91640695c84314b9eff82718848c13e426983e6b6cc56fc1157c0fcc,575,0x89cf67110c1f3813a9be360180d8e32cefd1c88df37c44375313bb8ae4e1d93b,145,0x8c8d1170edec715723d0884775e78d9b3c35e32e,0xb6b2e89d76be7ddadd042ba28278aa82a7aa07e8,3000000000000000000,25200,8000000000,0,1,0x,,5339598,21000,10986788,0x,,3,sent,0x8c8d1170edec715723d0884775e78d9b3c35e32e
937,4991287,1517191480,0x590dbcb3717e19e9a3fb1d1e30d95f81156dea77d1246422421d528413374bb4,68960,0xfa49491fbfb564c2e620551cdccdb215400039809f60cda4190919a547c1c261,142,0x180ba8f73897c0cb26d76265fc7868cfd936e617,0x8c8d1170edec715723d0884775e78d9b3c35e32e,229316334000000000,940000,20000000000,0,1,0x,,4284478,21000,10983623,0x,,0.229316334,received,0x8c8d1170edec715723d0884775e78d9b3c35e32e
938,4997229,1517277921,0xe69fed8b50f00822d7d9c99bcb4a1fc8d802f88e99378676ba58c376d346e2f5,69881,0x4203cff92682f3c57248a1bc135d88169f8c523003600051b1fde7a1d80e40b2,67,0x180ba8f73897c0cb26d76265fc7868cfd936e617,0x8c8d1170edec715723d0884775e78d9b3c35e32e,225014009000000000,940000,20000000000,0,1,0x,,1898365,21000,10977681,0x,,0.225014009,received,0x8c8d1170edec715723d0884775e78d9b3c35e32e
939,4999111,1517306162,0x11cca868a31f09b4af0413f46c44faf6d9aa2afba69e064cdf872ab97b4813d1,576,0xf69446ff6c0e4fff0d10c909b84f81509966556332863ebab6c3ce9cdddf4052,171,0x8c8d1170edec715723d0884775e78d9b3c35e32e,0x3136ef851592acf49ca4c825131e364170fa32b3,0,60000,8000000000,0,1,0xa9059cbb000000000000000000000000e808b064808e9ea38977eee700475d71f7cd7cfd0000000000000000000000000000000000000000000003cfc82e37e9a7400000,,6264400,37746,10975799,0xa9059cbb,"transfer(address _to, uint256 _value)",0,sent,0x8c8d1170edec715723d0884775e78d9b3c35e32e
940,5000290,1517323763,0xbfbbb36c764d007518c3f6367f9dba357c1c0a31e2292ea996c5a09585c46e8d,321850,0xdb36aabec1459322583bfab2caba809ad7970b85a549373e4a22e57b18c1b07b,47,0x2b5634c42055806a59e9107ed44d43c426e58258,0x8c8d1170edec715723d0884775e78d9b3c35e32e,4476222710000000000,90000,40000000000,0,1,0x,,1570681,21000,10974620,0x,,4.47622271,received,0x8c8d1170edec715723d0884775e78d9b3c35e32e
941,5003043,1517364297,0x4b3236fe26802036d671d0edb6a2cbbc3a0bcab0587eb37d7804e41b45c71afa,70844,0x9a352695c69e4de38a7eb2ae8305196658d747502ed3cbc8a54a6ace66665fe5,147,0x180ba8f73897c0cb26d76265fc7868cfd936e617,0x8c8d1170edec715723d0884775e78d9b3c35e32e,191313533000000000,940000,21000000000,0,1,0x,,4313855,21000,10971867,0x,,0.191313533,received,0x8c8d1170edec715723d0884775e78d9b3c35e32e
942,5003085,1517364908,0x8f7ac5ae6674bb045b1624ec8f7eb08cebd2239ba50cbcf926f8790188dd4dd8,577,0x44e1b6a123b0526f299c4de75b088b81d02bab79fb44e1bc694cff30a8d0e612,149,0x8c8d1170edec715723d0884775e78d9b3c35e32e,0x1961b3331969ed52770751fc718ef530838b6dee,0,240000,8000000000,0,1,0xa9059cbb0000000000000000000000006ed729fc1cd9cf5303c40e495747eb03b78c5fc200000000000000000000000000000000000000000000010f0cf064dd59200000,,5242176,53027,10971825,0xa9059cbb,"transfer(address _to, uint256 _value)",0,sent,0x8c8d1170edec715723d0884775e78d9b3c35e32e
943,5003472,1517370222,0x2ef2efd5d8880bac1c324360b21549cf262ccbe7ef0163d6c6fd380335dcae41,578,0xe4c3c12158c58347f7f946139b629b0304fdcfd8c4a20b40a6a31e1de7fbf7ba,31,0x8c8d1170edec715723d0884775e78d9b3c35e32e,0xb6b2e89d76be7ddadd042ba28278aa82a7aa07e8,5000000000000000000,25200,21000000000,0,1,0x,,1375528,21000,10971438,0x,,5,sent,0x8c8d1170edec715723d0884775e78d9b3c35e32e
944,5008959,1517451112,0x2fcb5d39edf7cf112d714fc69d0c05ee4ba0486d3949357eeeda26bd5bed93a1,71838,0x959e121d321e44c958506c9a7e2f69e611f8b4ca0257cd9f217b668f77b29cc2,259,0x180ba8f73897c0cb26d76265fc7868cfd936e617,0x8c8d1170edec715723d0884775e78d9b3c35e32e,221452492000000000,940000,22000000000,0,1,0x,,5681809,21000,10965951,0x,,0.221452492,received,0x8c8d1170edec715723d0884775e78d9b3c35e32e
945,5014715,1517537404,0xeb66f7be7a9d085e972791c97a9c93e374533ca369856f8fdc6018c6a38a62b4,72867,0xd9fe9a4aee280e548bfdc7dc73189f4bfb6777765fd4a048c0d77016fe6b7e84,167,0x180ba8f73897c0cb26d76265fc7868cfd936e617,0x8c8d1170edec715723d0884775e78d9b3c35e32e,217082299000000000,940000,35000000000,0,1,0x,,6085078,21000,10960195,0x,,0.217082299,received,0x8c8d1170edec715723d0884775e78d9b3c35e32e
946,5014859,1517540136,0x63057822f7b2aaae5a30546a6a4a9d8790c2f86977aed14b8dfbcf6709f9b02e,64029,0x799c1df0f8304d5b1231608b0670f5747bc54511130ceb71ff0b2d58926fd5bb,12,0x0fd081e3bb178dc45c0cb23202069dda57064258,0x8c8d1170edec715723d0884775e78d9b3c35e32e,992900000000000000,21000,102000000000,0,1,0x,,291033,21000,10960051,0x,,0.9929,received,0x8c8d1170edec715723d0884775e78d9b3c35e32e
947,5014888,1517540494,0xb41ca29655c3f25b61ac56838044595ffae4cf72cd41c2cf366fb481c90a0415,579,0x2561001c34b7b9050b9e5a09c6d666c4f7e2029cb16d4896ec4658b7f3562eee,89,0x8c8d1170edec715723d0884775e78d9b3c35e32e,0x10951f4be201898dafd68fcce216f28b451637f1,1000000000000000000,25200,8000000000,0,1,0x,,4225347,21000,10960022,0x,,1,sent,0x8c8d1170edec715723d0884775e78d9b3c35e32e
948,5016245,1517559959,0xaa02f2103f4cdf947c12208ac0576e8475be2b40fbde0be95cd9d2b5523bfa60,64283,0xef65753c4c6e0bad5d09f26921cf6c68ef2eda18a638194fbb44ba94eef7f328,10,0x0fd081e3bb178dc45c0cb23202069dda57064258,0x8c8d1170edec715723d0884775e78d9b3c35e32e,991000000000000000,21000,102000000000,0,1,0x,,385524,21000,10958665,0x,,0.991,received,0x8c8d1170edec715723d0884775e78d9b3c35e32e
949,5016380,1517562079,0x7b4f0c6b383c8a5a88a7583a58d12f92cd75322edb08704040345592e2365c38,580,0xb4c51f199642f5d72fe5c882b80e58ac4f1e4d6862cb9f7d9f26e91e8f004293,340,0x8c8d1170edec715723d0884775e78d9b3c35e32e,0x10951f4be201898dafd68fcce216f28b451637f1,1000000000000000000,25200,30000000000,0,1,0x,,7870220,21000,10958530,0x,,1,sent,0x8c8d1170edec715723d0884775e78d9b3c35e32e
950,5017059,1517571681,0x7a720a9420864c3d8f1d8bea0a30f44918c47b048c1e6aca41f2b3e960f973e1,581,0x7e2f8b7ae6514887b6d3a0bd68bdff8df2897918bd12cadb34f5454db64cf595,63,0x8c8d1170edec715723d0884775e78d9b3c35e32e,0x9992ec3cf6a55b00978cddf2b27bc6882d88d1ec,0,60000,21000000000,0,1,0xa9059cbb0000000000000000000000006ed729fc1cd9cf5303c40e495747eb03b78c5fc200000000000000000000000000000000000000000000007b995b300ad2a00000,,2069080,52111,10957851,0xa9059cbb,"transfer(address _to, uint256 _value)",0,sent,0x8c8d1170edec715723d0884775e78d9b3c35e32e
951,5020591,1517623698,0x03a6f74b7393dddde8bdc9dfa001d03a84d747451e99012835284e9f443104e2,73908,0x6e07747f71c6c54f8a832d428ef1a300b8757eff0e68deacd86295762e5cca4c,125,0x180ba8f73897c0cb26d76265fc7868cfd936e617,0x8c8d1170edec715723d0884775e78d9b3c35e32e,208748532000000000,940000,30000000000,0,1,0x,,3047991,21000,10954319,0x,,0.208748532,received,0x8c8d1170edec715723d0884775e78d9b3c35e32e
952,5026519,1517709930,0x97be1426ddab4d3cab5a43a955a804adbb9978ae771a1721fd7d3981e56222fc,74954,0x881249b458669e13ed16d62fe05a46797d33dc972f2e421913210c1a83c70849,72,0x180ba8f73897c0cb26d76265fc7868cfd936e617,0x8c8d1170edec715723d0884775e78d9b3c35e32e,205527142000000000,940000,40000000000,0,1,0x,,3275126,21000,10948391,0x,,0.205527142,received,0x8c8d1170edec715723d0884775e78d9b3c35e32e
953,5029027,1517744999,0xde2007b326243767827bf18ed6d6ca9e09f9f70047710918db75fd171c97e1f5,582,0x8d6eedef8a0335eeb01656bf5d4bf8cbecb7a2fcb4eed05c2b7d91599bef79b0,125,0x8c8d1170edec715723d0884775e78d9b3c35e32e,0x42ba2619d342ad90c71829b3da4a3279ac95e39d,500000000000000000,25200,15812500000,0,1,0x,,4013523,21000,10945883,0x,,0.5,sent,0x8c8d1170edec715723d0884775e78d9b3c35e32e
954,5032555,1517796595,0x2ba35c9c0933341db193dda88ac069e68834fed6fe3402881c28c4ec41c790d7,76022,0xf8bf180c582a07be007b674e32f21de90904da68d99a8f9da5bdc404d3044e2b,227,0x180ba8f73897c0cb26d76265fc7868cfd936e617,0x8c8d1170edec715723d0884775e78d9b3c35e32e,212221602000000000,940000,20000000000,0,1,0x,,5339939,21000,10942355,0x,,0.212221602,received,0x8c8d1170edec715723d0884775e78d9b3c35e32e
955,5038518,1517882735,0x7d2884832f7c246dbaf4e8021f2b219016fb29ba05e0852b850d45adf8eab9b9,77080,0x3026f2a03da146e4915592342b00c807694b17627b6e68bd83867932baf373a1,252,0x180ba8f73897c0cb26d76265fc7868cfd936e617,0x8c8d1170edec715723d0884775e78d9b3c35e32e,210240666000000000,940000,20000000000,0,1,0x,,6547814,21000,10936392,0x,,0.210240666,received,0x8c8d1170edec715723d0884775e78d9b3c35e32e
956,5041740,1517930015,0x2696d25c87607dd746919f8b85466d889f012342cf9d2ea4e4b251bbdb56eb0b,583,0xc45469da00003e41faf81c3b10a3bea682d8728a5b116250e95fea10a2b41166,87,0x8c8d1170edec715723d0884775e78d9b3c35e32e,0x1a7a8bd9106f2b8d977e08582dc7d24c723ab0db,0,60000,22000000000,0,1,0xa9059cbb000000000000000000000000178534ada4d42e165cea704ae7e02eb6c3543bb000000000000000000000000000000000000000000000006c6b935b8bbd400000,,2675158,52312,10933170,0xa9059cbb,"transfer(address _to, uint256 _value)",0,sent,0x8c8d1170edec715723d0884775e78d9b3c35e32e
957,5041773,1517930423,0x154f5a4fedcc9e597c183926c739ce5455a4c8a81a035c3c3084d5441884708c,584,0xf688602628539467d2f2262944dbe2cec63cdd59ed4d7f631eb75801c4067f41,124,0x8c8d1170edec715723d0884775e78d9b3c35e32e,0x86fa049857e0209aa7d9e616f7eb3b3b78ecfdb0,0,96000,22000000000,0,1,0xa9059cbb000000000000000000000000178534ada4d42e165cea704ae7e02eb6c3543bb0000000000000000000000000000000000000000000000015f1780fba0cd34000,,4263672,55907,10933137,0xa9059cbb,"transfer(address _to, uint256 _value)",0,sent,0x8c8d1170edec715723d0884775e78d9b3c35e32e
958,5041802,1517930805,0x48bea599443160dc57fb64e4eb74562d1fad35bcfe4609a70936b599a0552614,585,0x545c1f1f299c339b170089ab0015d5561fcea8886c994a68fd4fc1cb070593a7,46,0x8c8d1170edec715723d0884775e78d9b3c35e32e,0x178534ada4d42e165cea704ae7e02eb6c3543bb0,500000000000000000,25200,22000000000,0,1,0x,,1411301,21000,10933108,0x,,0.5,sent,0x8c8d1170edec715723d0884775e78d9b3c35e32e
959,5044467,1517969093,0x0c4d9f8891f551d9a9cfcac7801cd842f29e7c48d653d7d7815857391c2dfc9f,78137,0x4ac1cdc1115794a39daa325daa6d49c2e9223a0fbbd804750614df1a8efd016d,86,0x180ba8f73897c0cb26d76265fc7868cfd936e617,0x8c8d1170edec715723d0884775e78d9b3c35e32e,209887076000000000,940000,22000000000,0,1,0x,,2614938,21000,10930443,0x,,0.209887076,received,0x8c8d1170edec715723d0884775e78d9b3c35e32e
960,5050402,1518055594,0x414e296a3cab58406cc367addbedb973b63da2caf06ee5c6c3888f65a72af902,79172,0xe56dc8fdd26a1076b0c7ad391ea150d2f3b9ea6635bb66615f578d7ffc3f302e,88,0x180ba8f73897c0cb26d76265fc7868cfd936e617,0x8c8d1170edec715723d0884775e78d9b3c35e32e,116140302000000000,940000,20000000000,0,1,0x,,2768329,21000,10924508,0x,,0.116140302,received,0x8c8d1170edec715723d0884775e78d9b3c35e32e
961,5052499,1518086492,0x43bf7980d0b77482faa5948c0196934e9f29f7e1356cd772f8f8d9c809818fbb,159,0x3288ee6cadbd009edc840b68068795f07054d0cadcdc52621914be1cfb0b5be9,37,0x42ba2619d342ad90c71829b3da4a3279ac95e39d,0x8c8d1170edec715723d0884775e78d9b3c35e32e,2000000000000000000,23100,20000000000,0,1,0x,,1231915,21000,10922411,0x,,2,received,0x8c8d1170edec715723d0884775e78d9b3c35e32e
962,5052922,1518092281,0x0c907b9610a426930a193dfa475dcc3a7b0659525bfa9cda971acbf2661f9e23,67850,0xcba0cf44734c5635bac1f6499b5818972d506ec544433ecb71471caa0e726812,1,0x0fd081e3bb178dc45c0cb23202069dda57064258,0x8c8d1170edec715723d0884775e78d9b3c35e32e,2991000000000000000,21000,102000000000,0,1,0x,,164081,21000,10921988,0x,,2.991,received,0x8c8d1170edec715723d0884775e78d9b3c35e32e
963,5053141,1518095704,0xcb59a754687d6c4b07cdefb23eeb24d0548bdcd9db9ec500477e3ec4cb638dde,586,0x3eadea5d7bb01ad88a911be4b6399b5bc54d6760ae1def474670f9fe204ff72f,80,0x8c8d1170edec715723d0884775e78d9b3c35e32e,0xf6803687104660ffdaa383e5847083242a7a647b,5002000000000000000,25200,26750000000,0,1,0x,,6122680,21000,10921769,0x,,5.002,sent,0x8c8d1170edec715723d0884775e78d9b3c35e32e
964,5053392,1518099506,0x172dba52d8f0cea6f7f50abe9bdf998ce3dbb2c05e51524eb145b9e5f6e92885,67880,0xd5169e08b543b8715316823e3ea9098ae74492c6cd3e4baf32245f006a479c5a,105,0x0fd081e3bb178dc45c0cb23202069dda57064258,0x8c8d1170edec715723d0884775e78d9b3c35e32e,6940000000000000000,21000,102000000000,0,1,0x,,4201449,21000,10921518,0x,,6.94,received,0x8c8d1170edec715723d0884775e78d9b3c35e32e
965,5056396,1518141901,0x0fb75e64e28e25969231a6342d6e53a7ef8c9cd65a828d1aee462ee90c6c2b51,80208,0xff15f3646e4710ab6277622c82bfe56c4965d0d0d03a0c4289cfd657d9476d74,31,0x180ba8f73897c0cb26d76265fc7868cfd936e617,0x8c8d1170edec715723d0884775e78d9b3c35e32e,176637300000000000,940000,20000000000,0,1,0x,,1505297,21000,10918514,0x,,0.1766373,received,0x8c8d1170edec715723d0884775e78d9b3c35e32e
966,5057070,1518151081,0x4c9000aab73d899e899497c1da93a2fbf3d0756855e13e1eee14dc71f8e7b83c,587,0x0b9e2baebd0001aa11723a5565516b56cf9063c0269220ef1642fe6130f7d44b,62,0x8c8d1170edec715723d0884775e78d9b3c35e32e,0x10951f4be201898dafd68fcce216f28b451637f1,5250000000000000000,25200,20000000000,0,1,0x,,3924250,21000,10917840,0x,,5.25,sent,0x8c8d1170edec715723d0884775e78d9b3c35e32e
967,5059706,1518189525,0x8ce1d6ef05a1b2853135a69bb4bb157ae0557eb1a1ebfd1914c547d17955a0aa,588,0x6d8e542c96173f2f2e20dd855f2a1d4e6e04bbe4c8be8a96e0e8d426b64b7a36,250,0x8c8d1170edec715723d0884775e78d9b3c35e32e,0x275b69aa7c8c1d648a0557656bce1c286e69a29d,0,100587,8000000000,0,1,0x,,7903955,83823,10915204,0x,,0,sent,0x8c8d1170edec715723d0884775e78d9b3c35e32e
968,5062314,1518228301,0xffd85e412c4e81deddcaa70956bf7caf1e05141e3e66a9e3f6f329406939ce18,81252,0xce016db2ba6db5201b6592cb3adbaf953b7978b73aefba019ad12ef987e9cd22,119,0x180ba8f73897c0cb26d76265fc7868cfd936e617,0x8c8d1170edec715723d0884775e78d9b3c35e32e,202503135000000000,940000,20000000000,0,1,0x,,5880605,21000,10912596,0x,,0.202503135,received,0x8c8d1170edec715723d0884775e78d9b3c35e32e
969,5068359,1518314765,0x6770b84fe07a0c6683174a3565edf6fbc505fc9dad3c5b3bb435e812fa469472,82302,0xbdd0b57c9b20ca96c6c33056546f85e3ecd401f9b2712c73b079d3c36487e798,264,0x180ba8f73897c0cb26d76265fc7868cfd936e617,0x8c8d1170edec715723d0884775e78d9b3c35e32e,206090847000000000,940000,15000000000,0,1,0x,,5887523,21000,10906551,0x,,0.206090847,received,0x8c8d1170edec715723d0884775e78d9b3c35e32e
970,5070350,1518343964,0xa9d6f674684c1a21fdd1a05fdda2cb7416270ca48ce76920d11eff869d94c15c,589,0xf63d244a03d645be415d09016fa3dfd1568fe6465c18b15661e6d7021ed8e4c3,98,0x8c8d1170edec715723d0884775e78d9b3c35e32e,0x42ba2619d342ad90c71829b3da4a3279ac95e39d,444500000000000000,25200,11500000000,0,1,0x,,3448273,21000,10904560,0x,,0.4445,sent,0x8c8d1170edec715723d0884775e78d9b3c35e32e
971,5074290,1518401230,0xeab99381c44393423b35843dd4ba9279ae43ff51b90d12f00a5cf9aa99e822d5,83370,0xdfd52f2737eac57b5f42202ad878895f66baa9a898c28da3d9cc7380c1757e39,102,0x180ba8f73897c0cb26d76265fc7868cfd936e617,0x8c8d1170edec715723d0884775e78d9b3c35e32e,197923062000000000,940000,10000000001,0,1,0x,,2475375,21000,10900620,0x,,0.197923062,received,0x8c8d1170edec715723d0884775e78d9b3c35e32e
972,5080237,1518487641,0x5e32829fdaf078d0acdec1a42d2bc78fd9197daeb8d6954060c29211a5b7169e,84428,0x91c007ff296d940ac263035bf3f190080442ad9ba5797b9080255c2c82b957a5,122,0x180ba8f73897c0cb26d76265fc7868cfd936e617,0x8c8d1170edec715723d0884775e78d9b3c35e32e,199570443000000000,940000,20000000000,0,1,0x,,4029673,21000,10894673,0x,,0.199570443,received,0x8c8d1170edec715723d0884775e78d9b3c35e32e
973,5080252,1518487837,0x5d51d2a4bcde45542854b75e0f74ba816133fb5a13ead458829d21a3a5604c1f,590,0x3171c93d8679dbcabc4be193d4d7415d3e2b9dfe77ba572cceaf158a305387c1,245,0x8c8d1170edec715723d0884775e78d9b3c35e32e,0x745a967982ba9e36cb1419e22f0cb6c0150e294b,0,60000,10343750000,0,1,0xa9059cbb00000000000000000000000042ba2619d342ad90c71829b3da4a3279ac95e39d0000000000000000000000000000000000000000000003047e79ec43a4680000,,7798784,52165,10894658,0xa9059cbb,"transfer(address _to, uint256 _value)",0,sent,0x8c8d1170edec715723d0884775e78d9b3c35e32e
974,5080361,1518489510,0xdfea9a6a38a56c4547df2e43065962e770e83236e808020ef71896cff84da388,591,0xf8e38bb3d2f9cf372681314692bd7f3b84fece6d0cb8373756fcb7190612c37a,163,0x8c8d1170edec715723d0884775e78d9b3c35e32e,0x745a967982ba9e36cb1419e22f0cb6c0150e294b,0,60000,14250000000,0,1,0xa9059cbb0000000000000000000000006ed729fc1cd9cf5303c40e495747eb03b78c5fc20000000000000000000000000000000000000000000001823f3cf621d2340000,,5073460,52165,10894549,0xa9059cbb,"transfer(address _to, uint256 _value)",0,sent,0x8c8d1170edec715723d0884775e78d9b3c35e32e
975,5080991,1518498037,0xeeba0a07d5e218d5c21df470f18c013b71eb5cd4fe9dc65be53d80fbd985cce9,69689,0xc963337f6979561b4e30e2aace7069abe8786389370230e6633fe1db9770692c,18,0x0fd081e3bb178dc45c0cb23202069dda57064258,0x8c8d1170edec715723d0884775e78d9b3c35e32e,3603000000000000000,21000,102000000000,0,1,0x,,658360,21000,10893919,0x,,3.603,received,0x8c8d1170edec715723d0884775e78d9b3c35e32e
976,5081860,1518510758,0x008136d4584c224b23a349637b70c711ccd6261e5f6356c2d7a09d2e127d85df,592,0x70a2418c82e401b8615f58345b5346e2eb1fda49a01f66e80631e57e7386a6c4,95,0x8c8d1170edec715723d0884775e78d9b3c35e32e,0xf6803687104660ffdaa383e5847083242a7a647b,2002000000000000000,25200,14250000000,0,1,0x,,3284001,21000,10893050,0x,,2.002,sent,0x8c8d1170edec715723d0884775e78d9b3c35e32e
977,5086204,1518574149,0x02cb65edbc61ab61f375e9f542acc1c194236550624a15e7b8f00c2fc0e3fa13,85496,0x9c926604f2788e482ad35c75ee06a0925b9ed61b21b20b275c1b43d073327197,62,0x180ba8f73897c0cb26d76265fc7868cfd936e617,0x8c8d1170edec715723d0884775e78d9b3c35e32e,158037556000000000,940000,20000000000,0,1,0x,,1323000,21000,10888706,0x,,0.158037556,received,0x8c8d1170edec715723d0884775e78d9b3c35e32e
978,5086848,1518583339,0xf1f9091fb05fcce7613d089475ad2d246b9bdd06e696b8aaf3e24a7fa431fa62,593,0xcc3210832f60f7b264da733d0ca688a4c03a3a48a92b281de08e03482968530a,204,0x8c8d1170edec715723d0884775e78d9b3c35e32e,0x745a967982ba9e36cb1419e22f0cb6c0150e294b,0,60000,8000000000,0,1,0xa9059cbb000000000000000000000000ea5f5ecc4320b3d8b652c8d316a587afdf127b770000000000000000000000000000000000000000000003047e79ec43a4680000,,5632914,52165,10888062,0xa9059cbb,"transfer(address _to, uint256 _value)",0,sent,0x8c8d1170edec715723d0884775e78d9b3c35e32e
979,5087563,1518593433,0x563269d13d2ffc2bef56dde5abdf7ca97526ac9062db02e1cd959f62e41812c7,70100,0x0b5d19b39d1778ae510200d24e1d3ae2f67794e39c644331444f292dae49131c,9,0x0fd081e3bb178dc45c0cb23202069dda57064258,0x8c8d1170edec715723d0884775e78d9b3c35e32e,1001000000000000000,21000,102000000000,0,1,0x,,292481,21000,10887347,0x,,1.001,received,0x8c8d1170edec715723d0884775e78d9b3c35e32e
980,5088578,1518608549,0x6ac39bc32c07d7535ff673c462598b3124069e867896cdf291894f6c451fafd7,594,0xb07a2ea0fa59ee025a40e76c604b0d9ceb0b940519e5513ae9cdc41eef80d635,100,0x8c8d1170edec715723d0884775e78d9b3c35e32e,0x9992ec3cf6a55b00978cddf2b27bc6882d88d1ec,0,60000,8000000000,0,1,0xa9059cbb000000000000000000000000e808b064808e9ea38977eee700475d71f7cd7cfd0000000000000000000000000000000000000000000000c9a95ee29865200000,,4711512,37047,10886332,0xa9059cbb,"transfer(address _to, uint256 _value)",0,sent,0x8c8d1170edec715723d0884775e78d9b3c35e32e
981,5092054,1518660511,0xce8572a179622706327852ac0eba4ac5dc908b07bce0b965f96e659eba4c6213,86532,0x53a449284371a8d327aef5d1fb88e1e43e2092eb890788d6760af1fab5c4b51f,56,0x180ba8f73897c0cb26d76265fc7868cfd936e617,0x8c8d1170edec715723d0884775e78d9b3c35e32e,198461130000000000,940000,20000000000,0,1,0x,,2230898,21000,10882856,0x,,0.19846113,received,0x8c8d1170edec715723d0884775e78d9b3c35e32e
982,5098055,1518746909,0xf57d33c9e4860cda44d93930b0547e4c66bab5b8cd41996b179ab92f371e679d,87576,0x48cbe86f382e38589ede69d2480cccc18c7ef6e73395f2b3637dd68c0e6cb8cf,91,0x180ba8f73897c0cb26d76265fc7868cfd936e617,0x8c8d1170edec715723d0884775e78d9b3c35e32e,164715260000000000,940000,20000000000,0,1,0x,,3050751,21000,10876855,0x,,0.16471526,received,0x8c8d1170edec715723d0884775e78d9b3c35e32e
983,5098305,1518750648,0xcc6b4a8bb99c092e342d893e412a83af80b554425daa53354c8813ef6065af6f,70667,0x8c59f82b7ebe8aac3d4d921bcf767487b3b9bb5a2b4d24d1c1735680ebda5915,1,0x0fd081e3bb178dc45c0cb23202069dda57064258,0x8c8d1170edec715723d0884775e78d9b3c35e32e,1991000000000000000,21000,102000000000,0,1,0x,,42000,21000,10876605,0x,,1.991,received,0x8c8d1170edec715723d0884775e78d9b3c35e32e
984,5099030,1518760844,0xf765cf28345c12a81a5f63de96a8f6aa933c3384e417e36f601a1111c3e489e4,57028,0xd5d07cb33e5d35bae169f1008f563b4b5ec67aefeef814b76ed562e514537a51,205,0xf726dc178d1a4d9292a8d63f01e0fa0a1235e65c,0x8c8d1170edec715723d0884775e78d9b3c35e32e,2000000000000000000,90000,28000000000,0,1,0x,,5868607,21000,10875880,0x,,2,received,0x8c8d1170edec715723d0884775e78d9b3c35e32e
985,5102987,1518818427,0x13b6677eb6dfa3bb892d0678e3e6c7ac88dc997c0c3a64d4005eb249f4838ec5,595,0x12be1e2efa4a84fb0870e689ed1744b0698fe78e9194034f1a0b5372888cafde,38,0x8c8d1170edec715723d0884775e78d9b3c35e32e,0x48599941665827f9ea5a16c3d7417a43a1ce5df4,9750000000000000000,2000000,100000000000,0,1,0x,,1640038,78316,10871923,0x,,9.75,sent,0x8c8d1170edec715723d0884775e78d9b3c35e32e
986,5103981,1518833150,0x535907f499482e179a9c7663dd5c0b71fc316773a28e2d51190b54eb9ec4f412,88619,0x0f6c0814e2afe2984adf88785218e2a45f59f2d66d2e4a97e73ba8eb0c770273,139,0x180ba8f73897c0cb26d76265fc7868cfd936e617,0x8c8d1170edec715723d0884775e78d9b3c35e32e,151862342000000000,940000,20000000000,0,1,0x,,4721921,21000,10870929,0x,,0.151862342,received,0x8c8d1170edec715723d0884775e78d9b3c35e32e
987,5110047,1518919835,0x336823f17bc7183a8298d04113aea9da5493a3b269f7f287a88cd4eec699bd07,89672,0xf8f89232f0a7f211a6f78c8ecb41adc638ec26677bb1ae2c53b311933ea40d9d,164,0x180ba8f73897c0cb26d76265fc7868cfd936e617,0x8c8d1170edec715723d0884775e78d9b3c35e32e,182713331000000000,940000,25000000000,0,1,0x,,3887998,21000,10864863,0x,,0.182713331,received,0x8c8d1170edec715723d0884775e78d9b3c35e32e
988,5111434,1518940024,0xc8c191447fd32329327cd7c9c94c38f0e52018ff6a31a619921558edc6a7f45b,596,0x0785c53de96ec2e4ce4a636ca93810a44577e331adb24016c65f76708f67c1d5,202,0x8c8d1170edec715723d0884775e78d9b3c35e32e,0x42ba2619d342ad90c71829b3da4a3279ac95e39d,417700000000000000,25200,10000000000,0,1,0x,,5242577,21000,10863476,0x,,0.4177,sent,0x8c8d1170edec715723d0884775e78d9b3c35e32e
989,5116025,1519006016,0xcaf7c69e7f8a5240c19c2b99a1429992401c4a3435e59eb5c333ade9f59ada74,90715,0xc19b99da04ae3abe825ae68a9496be0941fa33fc09ebaf1a54553588c360101b,251,0x180ba8f73897c0cb26d76265fc7868cfd936e617,0x8c8d1170edec715723d0884775e78d9b3c35e32e,179388335000000000,940000,20000000000,0,1,0x,,6544881,21000,10858885,0x,,0.179388335,received,0x8c8d1170edec715723d0884775e78d9b3c35e32e
990,5118667,1519044621,0x51f8dc2fe8b410dc08aee87979f9b48878fd388c863d45761db68c17a83fe8e0,597,0x8ed8a412b107630145dfc6b37662aa1eb1475ed12045d38c8a266ee7ec428b38,92,0x8c8d1170edec715723d0884775e78d9b3c35e32e,0x1530df3e1c69501d4ecb7e58eb045b90de158873,0,100587,8000000000,0,1,0x,,4023118,83823,10856243,0x,,0,sent,0x8c8d1170edec715723d0884775e78d9b3c35e32e
991,5119388,1519055297,0x47c972edeb13d49ccb0e47111e7df3d4da048cbe6d83e4c3a89192e40a3fd98b,598,0x21abf82fb0421e662a6dd6ba918a2b5620c06ecabe3a1a4b347c02fa0002daa4,158,0x8c8d1170edec715723d0884775e78d9b3c35e32e,0x45555629aabfea138ead1c1e5f2ac3cce2add830,0,73378,8000000000,0,1,0x,,7962124,52184,10855522,0x,,0,sent,0x8c8d1170edec715723d0884775e78d9b3c35e32e
992,5121765,1519090382,0xec0a38a938b6e3d321158b162e4ebaf4a6e80b452572aa3b9153be98aa939e1f,25,0x53888695f605fe1a8ed301b4d0ae93959b57b4213562a0a536bf08accecc9382,53,0x6ed729fc1cd9cf5303c40e495747eb03b78c5fc2,0x8c8d1170edec715723d0884775e78d9b3c35e32e,440000000000000000,25200,10343750000,0,1,0x,,2078344,21000,10853145,0x,,0.44,received,0x8c8d1170edec715723d0884775e78d9b3c35e32e
993,5121910,1519092394,0x75455a66184c219f62f0a6d971b1676589c0d6f4fb99fba2f5658fa32083cb80,91767,0xb3fe644aeccf1bd0d4d451b80862b4582a1519d495bfcd6aa244398bd952e531,145,0x180ba8f73897c0cb26d76265fc7868cfd936e617,0x8c8d1170edec715723d0884775e78d9b3c35e32e,186812315000000000,940000,16000000000,0,1,0x,,5277845,21000,10853000,0x,,0.186812315,received,0x8c8d1170edec715723d0884775e78d9b3c35e32e
994,5123123,1519110290,0xf36eb8483af021dd99bec35b8b4caf24a521e149905dcfa9e4a8e1cabfd69ddf,599,0x444ee5ed21f085f1f9c5757f17f20b99f07f3bdd9e4f5c3f569de778118a8bdb,206,0x8c8d1170edec715723d0884775e78d9b3c35e32e,0x041fe8df8b4aaa868941eb877952f17babe57da5,0,100538,8000000000,0,1,0x,,6752954,83782,10851787,0x,,0,sent,0x8c8d1170edec715723d0884775e78d9b3c35e32e
995,5127712,1519178841,0x306f7bcdddf8a13bc8356bf70dd678cd8b5497e2c70a520726cb80dfd4f5d6c0,92805,0x3a31b4866c65e0a1b36d98d57902b590f8243b197c258eb4f99e29b6069d6ee1,162,0x180ba8f73897c0cb26d76265fc7868cfd936e617,0x8c8d1170edec715723d0884775e78d9b3c35e32e,187302021000000000,940000,10000000000,0,1,0x,,6640744,21000,10847198,0x,,0.187302021,received,0x8c8d1170edec715723d0884775e78d9b3c35e32e
996,5133551,1519265278,0x5e19c49ea5f43959c747b95e5a185c924f6d07d471db9fbd82c11c584ba89660,93851,0xeccd1ff9829fccbc088667d7188f4989526d9f92e054f59a18d93ea2e903e9f2,163,0x180ba8f73897c0cb26d76265fc7868cfd936e617,0x8c8d1170edec715723d0884775e78d9b3c35e32e,191108731000000000,940000,8000000000,0,1,0x,,6698891,21000,10841359,0x,,0.191108731,received,0x8c8d1170edec715723d0884775e78d9b3c35e32e
997,5133740,1519268004,0xbc78c159d22aea6eaae0e311f7fbd051bb8ce056fb353b6d65bd1fd4c5e7e76c,37,0x9583f61b224376dbfbed7a344ad1a4a757d6829ea48fb3109a5fa5d150e5a96e,43,0xf6803687104660ffdaa383e5847083242a7a647b,0x8c8d1170edec715723d0884775e78d9b3c35e32e,1000000000000000000,200000,8000000000,0,1,0x,,1685144,21000,10841170,0x,,1,received,0x8c8d1170edec715723d0884775e78d9b3c35e32e
998,5139449,1519351797,0xebfea471e5a74cdd5f18a629b8ec5239957c197b59c1c1a7548b91afbf0d9cee,94898,0x78f883a40182050ee5defcfe3f8b480505ef973a47eb4e7e031d9c201ebf61f9,181,0x180ba8f73897c0cb26d76265fc7868cfd936e617,0x8c8d1170edec715723d0884775e78d9b3c35e32e,187413032000000000,940000,10000000000,0,1,0x,,4981976,21000,10835461,0x,,0.187413032,received,0x8c8d1170edec715723d0884775e78d9b3c35e32e
999,5142845,1519401835,0x7982811b692a4137289cde58d92197f07c33ee8f66eaeb6d0e572c664f734473,600,0xe0643984a58cf6c5b320b2f2fa8dcab4ddc411075511f8f969d447422fe2ea9f,42,0x8c8d1170edec715723d0884775e78d9b3c35e32e,0x5ba11e7efd181593519ee2a7657e83d82e1c5c56,2000000000000000000,25200,8000000000,0,1,0x,,1837821,21000,10832065,0x,,2,sent,0x8c8d1170edec715723d0884775e78d9b3c35e32e
1000,5143001,1519404117,0xcd38126e2dc0ffe4b718c40f22c5769930dffd1070ed50d974cb68fee60604d0,72993,0xf377f5a78586787e387779dff3e36874bcb7b6dc4fecd3e2f9feea6c136326a1,2,0x0fd081e3bb178dc45c0cb23202069dda57064258,0x8c8d1170edec715723d0884775e78d9b3c35e32e,992000000000000000,21000,102000000000,0,1,0x,,94917,21000,10831909,0x,,0.992,received,0x8c8d1170edec715723d0884775e78d9b3c35e32e
1001,5143034,1519404490,0x28e4a97795e7914057c669b2ccdf617111a60dd9b382bc8f8cb404b86b679f93,601,0xa3568ce15ffcc78ae1e69bfa8e1b619d8f11d28ea50ec431dce7a2cd54ef9647,220,0x8c8d1170edec715723d0884775e78d9b3c35e32e,0x5ba11e7efd181593519ee2a7657e83d82e1c5c56,1000000000000000000,25200,20000000000,0,1,0x,,6907142,21000,10831876,0x,,1,sent,0x8c8d1170edec715723d0884775e78d9b3c35e32e
1002,5145326,1519438339,0x15477a148b6223ae6e2db18fab7d7d57c39fc634ae5f8a10c61fb5471df9a599,95969,0x952d936d86c670781c795c70471245272fd268ec813ba40df439fea12b3cc7cc,49,0x180ba8f73897c0cb26d76265fc7868cfd936e617,0x8c8d1170edec715723d0884775e78d9b3c35e32e,187562557000000000,940000,10000000000,0,1,0x,,2332056,21000,10829584,0x,,0.187562557,received,0x8c8d1170edec715723d0884775e78d9b3c35e32e
1003,5147127,1519465138,0x13ed143280d8cee5e79bb745f7f6d3e4e0aa172487a4b72478d81eb4dafebe79,602,0xe7742688a907d5c619b846908792bbecd5b79586474c50ef57a1895cffe197cd,158,0x8c8d1170edec715723d0884775e78d9b3c35e32e,0x01ff50f8b7f74e4f00580d9596cd3d0d6d6e326f,0,60000,10000000000,0,1,0xa9059cbb0000000000000000000000006ed729fc1cd9cf5303c40e495747eb03b78c5fc20000000000000000000000000000000000000000000003a52c3d4451b6380000,,7094692,59052,10827783,0xa9059cbb,"transfer(address _to, uint256 _value)",0,sent,0x8c8d1170edec715723d0884775e78d9b3c35e32e
1004,5147279,1519467187,0xbb8fc2f0a5da62370cc2ec485f5f123e0f8abcd049254a005fbb94ea0a60e8ef,603,0x9a7be003d47268078313cc45ee6aacbe2076145f7fea30090649495e69bfce54,49,0x8c8d1170edec715723d0884775e78d9b3c35e32e,0x01ff50f8b7f74e4f00580d9596cd3d0d6d6e326f,0,60000,10000000000,0,1,0xa9059cbb000000000000000000000000ea5f5ecc4320b3d8b652c8d316a587afdf127b770000000000000000000000000000000000000000000003a52c3d4451b6380000,,3678113,59052,10827631,0xa9059cbb,"transfer(address _to, uint256 _value)",0,sent,0x8c8d1170edec715723d0884775e78d9b3c35e32e
1005,5147869,1519475274,0x8d538aebf13930e25a2e140e52328473181207542a88d3e72f8fcc8e97bc7f5f,604,0x2fb9599662c88c8e37917ea661f45c4ad28f0c3d39e52533695880ebd5ef9632,71,0x8c8d1170edec715723d0884775e78d9b3c35e32e,0x01ff50f8b7f74e4f00580d9596cd3d0d6d6e326f,0,60000,15000000000,0,1,0xa9059cbb000000000000000000000000b96d762978c528151c648b0c55c7c748c1409b040000000000000000000000000000000000000000000003a52c3d4451b6380000,,3434314,59052,10827041,0xa9059cbb,"transfer(address _to, uint256 _value)",0,sent,0x8c8d1170edec715723d0884775e78d9b3c35e32e
1006,5151249,1519524560,0x372040d668fd98b0f18acd451657d36dc61a7e3647fa3577e0077f2fc05ae481,97026,0x2ba3a149e80a7a10909fc9df1ebd03a9efadb70e3f22492cedaf521aec80c099,171,0x180ba8f73897c0cb26d76265fc7868cfd936e617,0x8c8d1170edec715723d0884775e78d9b3c35e32e,183597649000000000,940000,16000000000,0,1,0x,,3649024,21000,10823661,0x,,0.183597649,received,0x8c8d1170edec715723d0884775e78d9b3c35e32e
1007,5154279,1519569323,0x83b2133d8e68862dfc1df5edf005e4a71087247940f73278c420f6b9a572dfba,605,0x7729c4305e45b2ef8d3c73468adf4093601f2e61b0a658c7601c699527895de4,36,0x8c8d1170edec715723d0884775e78d9b3c35e32e,0x42ba2619d342ad90c71829b3da4a3279ac95e39d,434400000000000000,25200,11906250000,0,1,0x,,2064385,21000,10820631,0x,,0.4344,sent,0x8c8d1170edec715723d0884775e78d9b3c35e32e
1008,5157106,1519610868,0x913f6ae8197b61c2027f97081aec36b110d405532be32d96924cf864787b29b4,98106,0x18e53bebae118f1dd26e9197fcad10eb370838f92c0c50ebd3db2b0c696e6848,220,0x180ba8f73897c0cb26d76265fc7868cfd936e617,0x8c8d1170edec715723d0884775e78d9b3c35e32e,169214722000000000,940000,8000000000,0,1,0x,,4774076,21000,10817804,0x,,0.169214722,received,0x8c8d1170edec715723d0884775e78d9b3c35e32e
1009,5157212,1519612622,0x522e33fcf26fecb41f5820350883ff74814762c022a4b8ddba11d00c625776c6,379633,0x695bf51b20d521b38f78a3a88dea4ad0a653c664ef59fe2be79b28e5e702bdf3,184,0xd551234ae421e3bcba99a0da6d736074f22192ff,0x8c8d1170edec715723d0884775e78d9b3c35e32e,1396852340000000000,21000,50000000000,0,1,0x,,7963649,21000,10817698,0x,,1.39685234,received,0x8c8d1170edec715723d0884775e78d9b3c35e32e
1010,5157221,1519612868,0x62b09803efcbef75357769616dd3942a16af99bde0ad8b959b69d811f0e09e2a,606,0x17d2abc50744d9716f9bdd8a8049584cd0a1a76d27ec846715d99e9dbfa24c5c,141,0x8c8d1170edec715723d0884775e78d9b3c35e32e,0xf6803687104660ffdaa383e5847083242a7a647b,2002000000000000000,25200,8000000000,0,1,0x,,4920910,21000,10817689,0x,,2.002,sent,0x8c8d1170edec715723d0884775e78d9b3c35e32e
1011,5162936,1519697833,0x6b77ab297323ef21f69d764c2ee5564bffb0cf5fca79ccac43c1598af2e469df,99166,0xc95089cfeef616293df678d1a73b7b848bcb80678fd661361b7510531569e890,178,0x180ba8f73897c0cb26d76265fc7868cfd936e617,0x8c8d1170edec715723d0884775e78d9b3c35e32e,190811634000000000,940000,8000000000,0,1,0x,,5868398,21000,10811974,0x,,0.190811634,received,0x8c8d1170edec715723d0884775e78d9b3c35e32e
1012,5168754,1519783657,0xd40ff68bb8f1e865f0a47a2c70cdd5f85bfaa116701564e64f3eaa23dbe3fbb5,100006,0x81b9e3169ee13523756119add18393c5dc0fb34aa7e1735337b3cb20f0065717,23,0x180ba8f73897c0cb26d76265fc7868cfd936e617,0x8c8d1170edec715723d0884775e78d9b3c35e32e,198595717000000000,940000,8000000000,0,1,0x,,504000,21000,10806156,0x,,0.198595717,received,0x8c8d1170edec715723d0884775e78d9b3c35e32e
1013,5174659,1519869966,0x4a70d9ae25c6fb85d8fac4d3c03e7b94b5c5bc614044e613e47d5181f293e1a9,101101,0x55023bcebdf6b72559e993c320d7f9ce480e207b61b6db479c46347f69cca3a5,112,0x180ba8f73897c0cb26d76265fc7868cfd936e617,0x8c8d1170edec715723d0884775e78d9b3c35e32e,191292573000000000,940000,12000000000,0,1,0x,,4596414,21000,10800251,0x,,0.191292573,received,0x8c8d1170edec715723d0884775e78d9b3c35e32e
1014,5180550,1519956365,0x6b250597a7e84030b4b5f4de5ffba95d56c85ab1a8e632baf585c3078bc85c36,102251,0x19d3a6016a16d72e5d28e398d33959055099411912dda7af4157b14c972d3ebf,40,0x180ba8f73897c0cb26d76265fc7868cfd936e617,0x8c8d1170edec715723d0884775e78d9b3c35e32e,190895532000000000,940000,10000000000,0,1,0x,,1211550,21000,10794360,0x,,0.190895532,received,0x8c8d1170edec715723d0884775e78d9b3c35e32e
1015,5186416,1520042782,0x4ab111c39e0f66f5e0a56ea0399f2e826e8cbaaf98d066fb5928813af2bea5ac,103374,0xe4d7dfdc07ed708226347f91d0713941e85048a1566173d3652b76b3c34e7867,96,0x180ba8f73897c0cb26d76265fc7868cfd936e617,0x8c8d1170edec715723d0884775e78d9b3c35e32e,181216110000000000,940000,10000000000,0,1,0x,,2523231,21000,10788494,0x,,0.18121611,received,0x8c8d1170edec715723d0884775e78d9b3c35e32e
1016,5187595,1520059596,0xd62b95302daf6c2a2ebfaebbffc315c9c4450378c140d359a9982ff212fdffd0,607,0x3e1dc7370f1826bfc776493d985af59616f5628a61b375f3e51bd99e1e48c388,9,0x8c8d1170edec715723d0884775e78d9b3c35e32e,0xfe4d1b77fd3a0a1ea4a28b163bc5fbd0c57a0b46,0,25200,8000000000,0,1,0x,,428480,21000,10787315,0x,,0,sent,0x8c8d1170edec715723d0884775e78d9b3c35e32e
1017,5192361,1520129055,0x8d9ee566fa44d866571f91ef92931d4712f1a78ee622ea90ba465a4bebba6681,104520,0xaf753890791e3cb0cb3526c623cdd5d09cc751ff8125b23ad43890ab36321c97,196,0x180ba8f73897c0cb26d76265fc7868cfd936e617,0x8c8d1170edec715723d0884775e78d9b3c35e32e,181029263000000000,940000,5000000000,0,1,0x,,6059359,21000,10782549,0x,,0.181029263,received,0x8c8d1170edec715723d0884775e78d9b3c35e32e
1018,5192390,1520129525,0x8309b39e07465bffae1cd6c0a182ac5458e1f173b6a0894bfeecc5fc4846bf6a,608,0x4aa5d4d4f20ca8e96becd0a8690962c5eeac95aa609d3f40ddd673673cf35ae0,65,0x8c8d1170edec715723d0884775e78d9b3c35e32e,0x42ba2619d342ad90c71829b3da4a3279ac95e39d,434300000000000000,25200,8000000000,0,1,0x,,2241199,21000,10782520,0x,,0.4343,sent,0x8c8d1170edec715723d0884775e78d9b3c35e32e
1019,5195886,1520180981,0x2afd0a37e01a9b9a58b454b05916c93e7d97ba0aa91cfdb94d9fc83d0f411002,543,0x3be04e67526848543c31cb3364ad463da9d3fca233e5969740e926c9c07f16ef,45,0x5ba11e7efd181593519ee2a7657e83d82e1c5c56,0x8c8d1170edec715723d0884775e78d9b3c35e32e,2000000000000000000,25200,15000000000,0,1,0x,,1310698,21000,10779024,0x,,2,received,0x8c8d1170edec715723d0884775e78d9b3c35e32e
1020,5198287,1520215789,0xb6ba514b8b6f038f755a757c3a486402dc41913b73f34e2af87c6a6a35c06866,105638,0xa32eced378968cd60d05da1e0094a8890118eb76fab0fb44fa2e384f796ecd4a,30,0x180ba8f73897c0cb26d76265fc7868cfd936e617,0x8c8d1170edec715723d0884775e78d9b3c35e32e,186350401000000000,940000,10000000000,0,1,0x,,1130680,21000,10776623,0x,,0.186350401,received,0x8c8d1170edec715723d0884775e78d9b3c35e32e
1021,5201555,1520264366,0x77d92a766d369c0715ed7e1cf457f6898116d4dd95a4d7c96360b282357a3d55,1733,0xff2075a9fe3d148fcaca9d502de44e764336001e8ef6c81acb61652e945cdfde,26,0x4eeb8002d80d0b260291807d972ebf7339db714a,0x8c8d1170edec715723d0884775e78d9b3c35e32e,350000000000000000,21000,41000000000,0,1,0x,,1427641,21000,10773355,0x,,0.35,received,0x8c8d1170edec715723d0884775e78d9b3c35e32e
1022,5204141,1520302077,0x5d514d4c84d0d9bcee94d8d2d205561a657b8b681985f40e1eaaeb9e8a490e01,106791,0x1de3222c442a982ed7bfb2c873df72c7b7c880a254c22317dccd8039fa82bbef,87,0x180ba8f73897c0cb26d76265fc7868cfd936e617,0x8c8d1170edec715723d0884775e78d9b3c35e32e,182313361000000000,940000,8000000000,0,1,0x,,2131593,21000,10770769,0x,,0.182313361,received,0x8c8d1170edec715723d0884775e78d9b3c35e32e
1023,5205408,1520320752,0x1f3335761c86cf329c6bc4e9bbe9b67a4859538d6541318adcc196e2ae3ad93f,609,0x4cf27a10d94b8fb246938969edc2857266d8981ccbf23b7548f5bcc652449c5a,61,0x8c8d1170edec715723d0884775e78d9b3c35e32e,0x5c38b3a3a916ff2ef0db36aded25afa408195baf,2500005880000000000,25200,8000000000,0,1,0x,,2608844,21000,10769502,0x,,2.50000588,sent,0x8c8d1170edec715723d0884775e78d9b3c35e32e
1024,5210019,1520388346,0xccbd9f07110c1cc886007d0284a1b015c59492569f260309db4d2c7c4b962583,107954,0xfefe28a362624182cf6be50c718ac6f013f4967565d05bd8baf4bdb38d72a4bc,170,0x180ba8f73897c0cb26d76265fc7868cfd936e617,0x8c8d1170edec715723d0884775e78d9b3c35e32e,175499645000000000,940000,7000000000,0,1,0x,,6996099,21000,10764891,0x,,0.175499645,received,0x8c8d1170edec715723d0884775e78d9b3c35e32e
1025,5215915,1520474746,0xca86f4256d32c0d11f4095fb24b830718a0e024f56d8a61536606b489be8fb61,109155,0x162fcb7517052b1288c9cbca6c950db7f6cd783b6efb8f7a01857549e9d0911f,81,0x180ba8f73897c0cb26d76265fc7868cfd936e617,0x8c8d1170edec715723d0884775e78d9b3c35e32e,172814558000000000,940000,15000000000,0,1,0x,,1818601,21000,10758995,0x,,0.172814558,received,0x8c8d1170edec715723d0884775e78d9b3c35e32e
1026,5221783,1520561093,0xe8deba084fcd524765685bcca1ac20ce8884965018bf7b4f9c4d81280eb99d3c,110402,0x2a24777da2711984d49b45f3daa411ff4d78c6da7f4c360cb190149d5f8e21f7,93,0x180ba8f73897c0cb26d76265fc7868cfd936e617,0x8c8d1170edec715723d0884775e78d9b3c35e32e,162200151000000000,940000,9000000000,0,1,0x,,2176853,21000,10753127,0x,,0.162200151,received,0x8c8d1170edec715723d0884775e78d9b3c35e32e
1027,5227342,1520642310,0xac8e1844412a3f57df8d5b87db1bdeb07fa1f1f14ad1b4352c3b36e8548cb521,610,0x324ac8d2f444757e347d77fa2d34a1e5485d4b475fea3489a08031bdcf1086df,106,0x8c8d1170edec715723d0884775e78d9b3c35e32e,0x1d082d45172c5860bf85f900a036ee7292ea45af,1000000000000000000,25200,1000000000,0,1,0x,,7980344,21000,10747568,0x,,1,sent,0x8c8d1170edec715723d0884775e78d9b3c35e32e
1028,5227716,1520647518,0xe2289fb0bda3a7e8addc9d46f4bce41cc8c414e1034fdb14def087205584d4ba,111750,0x49159f7950a0e0d9015a45e4fb2955133b953f98c22dd3626d7985209359ffdf,110,0x180ba8f73897c0cb26d76265fc7868cfd936e617,0x8c8d1170edec715723d0884775e78d9b3c35e32e,189732004000000000,940000,8000000000,0,1,0x,,4406784,21000,10747194,0x,,0.189732004,received,0x8c8d1170edec715723d0884775e78d9b3c35e32e
1029,5233598,1520733881,0x7aafad5039f2df2aef8029c9bd34d18b219ece2cdfe32ed54ff9cb0d1d1bf4bb,113341,0x82974bd3841ff0b45cd12011baa2ce6a55ed251a4ed89109cad23e382983f3ae,176,0x180ba8f73897c0cb26d76265fc7868cfd936e617,0x8c8d1170edec715723d0884775e78d9b3c35e32e,186049040000000000,940000,5000000000,0,1,0x,,5104715,21000,10741312,0x,,0.18604904,received,0x8c8d1170edec715723d0884775e78d9b3c35e32e
1030,5236705,1520780001,0x23f52016000eaf88e7ca2afd66f05449ac58d6c275aa218d5da96ff1774ffbf5,611,0xe59721041cc68f88b71f870f05dd313b18451d284d8eb826e3cc8accd3d083ef,30,0x8c8d1170edec715723d0884775e78d9b3c35e32e,0x42ba2619d342ad90c71829b3da4a3279ac95e39d,418300000000000000,25200,1000000000,0,1,0x,,7933599,21000,10738205,0x,,0.4183,sent,0x8c8d1170edec715723d0884775e78d9b3c35e32e
1031,5239804,1520824523,0xee2490326a7775d8c64373c7403f21bed0a59d1dcd03cbcba860ade308e5b106,114713,0xee470d85d27eda44071be9f2c310d855e19d39ad66a98cdc9c63552a262ffe7d,162,0x180ba8f73897c0cb26d76265fc7868cfd936e617,0x8c8d1170edec715723d0884775e78d9b3c35e32e,185973979000000000,940000,5000000000,0,1,0x,,6793361,21000,10735106,0x,,0.185973979,received,0x8c8d1170edec715723d0884775e78d9b3c35e32e
1032,5245081,1520902415,0xb1006ede37c0b191b8bded3e366696346edba07d74e9890d026906457f9b12ec,612,0x0231cd0931b3eccd87d93a069e60736a530d1e97ccf27d0326add4b93b34d49a,35,0x8c8d1170edec715723d0884775e78d9b3c35e32e,0x01ff50f8b7f74e4f00580d9596cd3d0d6d6e326f,0,60000,1000000000,0,1,0xa9059cbb0000000000000000000000008074e7dd9b6e546410827e57681c140140b5081e000000000000000000000000000000000000000000000833992150b11c730000,,7918957,44042,10729829,0xa9059cbb,"transfer(address _to, uint256 _value)",0,sent,0x8c8d1170edec715723d0884775e78d9b3c35e32e
1033,5245521,1520908749,0x0168843d03a92a9c298f4785e949017ceb69ad6f9c1b1f2bada8b055874c0357,117185,0x7ca97759921ddf3846b236df17fd43cb8ac9a11698ff2d4413c65984a94ed355,48,0x180ba8f73897c0cb26d76265fc7868cfd936e617,0x8c8d1170edec715723d0884775e78d9b3c35e32e,188590155000000000,940000,4000000000,0,1,0x,,1860356,21000,10729389,0x,,0.188590155,received,0x8c8d1170edec715723d0884775e78d9b3c35e32e
1034,5251257,1520993724,0x6ad98a70db847fcf5aec8dfdf1d10bd48695144d331021fb216b8e06e359f4bf,118557,0x85557640f0247c19b2a81d2b2822c9fa12213e41b735aab78ed6a8bd97fad534,126,0x180ba8f73897c0cb26d76265fc7868cfd936e617,0x8c8d1170edec715723d0884775e78d9b3c35e32e,184024117000000000,940000,5000000000,0,1,0x,,3992443,21000,10723653,0x,,0.184024117,received,0x8c8d1170edec715723d0884775e78d9b3c35e32e
1035,5251316,1520994526,0xf39b19d227a1ca327d5676e4ca2f0546d59e1576b49ef28762cb67bc6fb579de,613,0xbc1830e9ec2069720d79e9df2de8ec513f204717acee4d63e5bf81c8ccce9cb2,135,0x8c8d1170edec715723d0884775e78d9b3c35e32e,0x36db5d7ebaee0a474df461aa0653d00a5e1d1797,1000000000000000000,25200,5000000000,0,1,0x,,3312792,21000,10723594,0x,,1,sent,0x8c8d1170edec715723d0884775e78d9b3c35e32e
1036,5257143,1521079969,0x983c087c24934af55d60364f33e26cd91164846076e84756a79363347701aba0,119930,0xbd820dea44506f7f02e1ae4122d250b645ec17b9d1a014cbbb09cf89eb94f11f,128,0x180ba8f73897c0cb26d76265fc7868cfd936e617,0x8c8d1170edec715723d0884775e78d9b3c35e32e,189190162000000000,940000,5000000000,0,1,0x,,4040464,21000,10717767,0x,,0.189190162,received,0x8c8d1170edec715723d0884775e78d9b3c35e32e
1037,5263005,1521166301,0x953f9432ee79055b9116a43f65b31f00b820e05b7bcc0aa99f2f4854cc054c4e,121348,0x4dab7ab93ea413fd2a78229d177c2f98c0088932be86c2c4e71cda8d0aedbdf0,149,0x180ba8f73897c0cb26d76265fc7868cfd936e617,0x8c8d1170edec715723d0884775e78d9b3c35e32e,174437712000000000,940000,5000000000,0,1,0x,,6524060,21000,10711905,0x,,0.174437712,received,0x8c8d1170edec715723d0884775e78d9b3c35e32e
1038,5268904,1521252904,0x4429d5fc9baa8148980804efce9493265ceb7e87cbb37553b551d78fab916159,122719,0x57664f93c084ef126bdb9eeab1d96f1cc7624cb70b28eea30a40f6fc0111f2b5,168,0x180ba8f73897c0cb26d76265fc7868cfd936e617,0x8c8d1170edec715723d0884775e78d9b3c35e32e,176116736000000000,940000,5000000000,0,1,0x,,3652372,21000,10706006,0x,,0.176116736,received,0x8c8d1170edec715723d0884775e78d9b3c35e32e
1039,5272205,1521302846,0x0f6069a9c0642c3772b72d6f53d56b5a67ec800e8ecf0c6a1fce4ca6178968b7,224,0x84baf712ded0946551c2a41548031f275eaf683b7981a26547ac758c78e97042,79,0x5d3d09ed4ce1bb67198aabe8045b6c6993502eca,0x8c8d1170edec715723d0884775e78d9b3c35e32e,5250000000000000000,25200,3000000000,0,1,0x,,5039907,21000,10702705,0x,,5.25,received,0x8c8d1170edec715723d0884775e78d9b3c35e32e
1040,5274764,1521339728,0x8452389be4d34aa7052bde0e768dfee54b880188b60ff7bc799bd8d482ce7438,124145,0x3d9d47e58d195406dfc1b3d029d919e196524e4fb1ee6a6d8b58c2902563f497,90,0x180ba8f73897c0cb26d76265fc7868cfd936e617,0x8c8d1170edec715723d0884775e78d9b3c35e32e,158585577000000000,940000,4000000000,0,1,0x,,5586442,21000,10700146,0x,,0.158585577,received,0x8c8d1170edec715723d0884775e78d9b3c35e32e
1041,5277709,1521382293,0x54f98466fb3d90b068e633053f47ffd21898b852e15919a24c296b4e3d4f520b,614,0x4354e75af680d248cdbd613afdcf7dc95820e95ac1faede17128efaf2266077b,111,0x8c8d1170edec715723d0884775e78d9b3c35e32e,0x42ba2619d342ad90c71829b3da4a3279ac95e39d,418970000000000000,25200,1000000000,0,1,0x,,7030701,21000,10697201,0x,,0.41897,sent,0x8c8d1170edec715723d0884775e78d9b3c35e32e
1042,5277874,1521384604,0xf32ff7c2378ce7e42722b645c03cc65b3a74b2a216e23eecdb819b38f7a783c2,615,0xcaf0dff0018260029bd5ef8ea37f56df26c8148e2a95cae3c9192f788a69aa6a,113,0x8c8d1170edec715723d0884775e78d9b3c35e32e,0x288e674bb20db033ef0d493d441ac116630b26db,5500000000000000000,25200,1000000000,0,1,0x,,7918773,21000,10697036,0x,,5.5,sent,0x8c8d1170edec715723d0884775e78d9b3c35e32e
1043,5280672,1521425549,0x80e2db612dbd9ae0c6558fa0eebd9c4e5d0e2dd7045077eb0087788957d17215,125545,0x7e0407f18f424099e96e007250262b0ff717e73fe68286faded3c4195bcfc4bd,146,0x180ba8f73897c0cb26d76265fc7868cfd936e617,0x8c8d1170edec715723d0884775e78d9b3c35e32e,76551049000000000,940000,4000000000,0,1,0x,,7006275,21000,10694238,0x,,0.076551049,received,0x8c8d1170edec715723d0884775e78d9b3c35e32e
1044,5286665,1521511940,0x8406b5a83438dc39a5f38803bb83233bcec3bd7c07ed1b034e57a2115147e059,126964,0x9f9c241a486198334769678efc5c3178add1eb22142545b7133c781e52fdd41c,102,0x180ba8f73897c0cb26d76265fc7868cfd936e617,0x8c8d1170edec715723d0884775e78d9b3c35e32e,186146673000000000,940000,4000000000,0,1,0x,,2315664,21000,10688245,0x,,0.186146673,received,0x8c8d1170edec715723d0884775e78d9b3c35e32e
1045,5292614,1521598476,0x6cc437baa71588b955454e37dabc919e3179614c5fbc61f57843a355ee128308,128392,0xd033aa22856dfc27583d2ec9c591fa65297433b8bc4495e429fc7a3506ba1795,82,0x180ba8f73897c0cb26d76265fc7868cfd936e617,0x8c8d1170edec715723d0884775e78d9b3c35e32e,189787412000000000,940000,4000000000,0,1,0x,,2890250,21000,10682296,0x,,0.189787412,received,0x8c8d1170edec715723d0884775e78d9b3c35e32e
1046,5298546,1521684814,0x52735f6c3e1d6100ed42d033be30caa802c5e84ededed3d09815e544afa14a84,129844,0x78c750aedb11cc78aa8535023dc5de03c3daac48cb1c3fb0ad6dcd9e030e4f77,170,0x180ba8f73897c0cb26d76265fc7868cfd936e617,0x8c8d1170edec715723d0884775e78d9b3c35e32e,196164006000000000,940000,5000000000,0,1,0x,,6132308,21000,10676364,0x,,0.196164006,received,0x8c8d1170edec715723d0884775e78d9b3c35e32e
1047,5301488,1521726930,0xf595931cc3374b2c5249aa70a1a29d049342537a92d98e409fc15c17c45fac9b,93674,0x3a77104a56f3151684c972b5a6a61af250fa0a3e1c4e51dca8803f3620ba2ea3,29,0x9435d50503aee35c8757ae4933f7a0ab56597805,0x8c8d1170edec715723d0884775e78d9b3c35e32e,74175237000000000,90000,3000000000,0,1,0x,,1082979,21000,10673422,0x,,0.074175237,received,0x8c8d1170edec715723d0884775e78d9b3c35e32e
1048,5304603,1521771546,0x85323b6d2986c1f4404614105be56731585a317fc37f36a3044b196ebb353345,131336,0x0d2e00f3dbc9836cf25495855c95a06d144a8c951f85f37ae4fbe11a83626645,142,0x180ba8f73897c0cb26d76265fc7868cfd936e617,0x8c8d1170edec715723d0884775e78d9b3c35e32e,200826620000000000,940000,3000000000,0,1,0x,,4460354,21000,10670307,0x,,0.20082662,received,0x8c8d1170edec715723d0884775e78d9b3c35e32e
1049,5312389,1521884300,0xcbc706cffdb12a7bce1a4fdad5ab839a6e33d29192b045511c171c84f091ac54,1026,0x7bfc62956c1de3364eeb72fa6f48d19e9b48367f8c13ce7dcdaed4bdd534f7a2,121,0x2ea1e928e4af14910e141896ece96c812094e3f9,0x8c8d1170edec715723d0884775e78d9b3c35e32e,200800000000000000,940000,2100000000,0,1,0x,,7030852,21000,10662521,0x,,0.2008,received,0x8c8d1170edec715723d0884775e78d9b3c35e32e
1050,5316669,1521944921,0xf918026446413153effa477911c089630968c2a671b6ddf22b35561e0e2c2144,2488,0x1c1ed239ded901a92d3de2d33e47172b0f0c70c62a4d5b32344fa70b0fb17a38,205,0x2ea1e928e4af14910e141896ece96c812094e3f9,0x8c8d1170edec715723d0884775e78d9b3c35e32e,150875416000000000,940000,4000000000,0,1,0x,,5710369,21000,10658241,0x,,0.150875416,received,0x8c8d1170edec715723d0884775e78d9b3c35e32e
1051,5318174,1521966680,0xe62ef4bb60e74f7af85261aaced3dfc822178547504ad4112312bdccf722301f,616,0xf7eff899b6dc2a84a06dd18b097bc9cb52606aa33739c2ea460aaa1f8fa5d131,68,0x8c8d1170edec715723d0884775e78d9b3c35e32e,0x42ba2619d342ad90c71829b3da4a3279ac95e39d,400400000000000000,25200,2000000000,0,1,0x,,3737659,21000,10656736,0x,,0.4004,sent,0x8c8d1170edec715723d0884775e78d9b3c35e32e
1052,5322644,1522030605,0x63cfc4de5ce1576737a73439e34eb0a2e56210035838599c694c6573c43c6800,3924,0x71c5bf6e52533a21682a76a33b6afb704fa0ea2c9c50a3a739b2c9499525a3bc,64,0x2ea1e928e4af14910e141896ece96c812094e3f9,0x8c8d1170edec715723d0884775e78d9b3c35e32e,195148842000000000,940000,5000000000,0,1,0x,,2456090,21000,10652266,0x,,0.195148842,received,0x8c8d1170edec715723d0884775e78d9b3c35e32e
1053,5328648,1522117465,0x27a33e009c48d9222226e721acbbf4a1f4842da6955fe1253c716b5387fa12bb,5366,0x0ef3186629cef2da3949c83b710add4722cf5046c364608ceb3bbba3afee9cd6,170,0x2ea1e928e4af14910e141896ece96c812094e3f9,0x8c8d1170edec715723d0884775e78d9b3c35e32e,192796302000000000,940000,4000000000,0,1,0x,,4993699,21000,10646262,0x,,0.192796302,received,0x8c8d1170edec715723d0884775e78d9b3c35e32e
1054,5334582,1522203796,0xe440a00c07798f77b577ae0beab51b535c3f2ad2fe6ab12310f4448c37d2acb7,6808,0xfc751b8dbdd2032c819be3fc1c75ea2d170dac1e1a87aa435bb44a57bde111fb,55,0x2ea1e928e4af14910e141896ece96c812094e3f9,0x8c8d1170edec715723d0884775e78d9b3c35e32e,199741618000000000,940000,4000000000,0,1,0x,,1424277,21000,10640328,0x,,0.199741618,received,0x8c8d1170edec715723d0884775e78d9b3c35e32e
1055,5334925,1522208865,0x7619a0cdde2ddcb4df018e3a954c9a1456ef225906f517eecba4dcd2ca9101a6,616662,0x5e898278c79fee5940bcf0fa2f9fbca5a389226381f7fa879078ad5e7b95e3d7,79,0x05ee546c1a62f90d7acbffd6d846c9c54c7cf94c,0x8c8d1170edec715723d0884775e78d9b3c35e32e,8617000000000000000,50000,5000000000,0,1,0x,,3681196,21000,10639985,0x,,8.617,received,0x8c8d1170edec715723d0884775e78d9b3c35e32e
1056,5334945,1522209099,0xe1a5ee21a4a8a2aaf1012940cae7e2228cf3cd8f6d65c9d9df29650096b77f22,617,0x52894e377eb4f6e65a1bad631431da916e5a0a10bbc6167adb5e456d4e9e1caa,80,0x8c8d1170edec715723d0884775e78d9b3c35e32e,0x10951f4be201898dafd68fcce216f28b451637f1,2000000000000000000,25200,1781250000,0,1,0x,,4261638,21000,10639965,0x,,2,sent,0x8c8d1170edec715723d0884775e78d9b3c35e32e
1057,5340503,1522289866,0xd57686d4599a227d2a152424c806244153f7aa570b723a58cbcc0fb845100912,8204,0x5c83d8bb4036dc850ffde3694c22380780f9fca0fb5137ba5b490aae25084f58,77,0x2ea1e928e4af14910e141896ece96c812094e3f9,0x8c8d1170edec715723d0884775e78d9b3c35e32e,197142108000000000,940000,5000000000,0,1,0x,,3080917,21000,10634407,0x,,0.197142108,received,0x8c8d1170edec715723d0884775e78d9b3c35e32e
1058,5340957,1522297142,0x6d037bbd014ef5e065ef1c95c23b0fe1601a69c3428b1479ddb138d22e4ea7de,618,0x9e57a62557558856bf177d53b2188c60ee4928b80d38d14569193a0a5c2218e0,100,0x8c8d1170edec715723d0884775e78d9b3c35e32e,0x3f156e3744fb9f3fc6dfa0bea09be2445b7638fa,10000000000000000,25200,1000000000,0,1,0x,,7995223,21000,10633953,0x,,0.01,sent,0x8c8d1170edec715723d0884775e78d9b3c35e32e
1059,5343709,1522337357,0xe279b45e90fe09709232182fb38f4e13d6c29d0b570ce99018dcf10bd0de8dcf,619,0x198ddff611a2ce97b9e8c44534164806432230a4aeb6b578f5acdce621ec725d,154,0x8c8d1170edec715723d0884775e78d9b3c35e32e,0x8074e7dd9b6e546410827e57681c140140b5081e,8000000000000000000,25200,5000000000,0,1,0x,,5530071,21000,10631201,0x,,8,sent,0x8c8d1170edec715723d0884775e78d9b3c35e32e
1060,5343767,1522338148,0xc88f38a769dc0794d2705c44fb3e561aa644e53d962bc6d184d2e12f7bb56918,8850,0x022e37b49e978c294ad1317ac44edf09c84e6cb906493dcafdc51a5f02bab941,79,0x6cc5f688a315f3dc28a7781717a9a798a59fda7b,0x8c8d1170edec715723d0884775e78d9b3c35e32e,5510000000000000000,420000,20000000000,0,1,0x,,2156510,21000,10631143,0x,,5.51,received,0x8c8d1170edec715723d0884775e78d9b3c35e32e
1061,5346605,1522379088,0x24fb0994f2bfaae0242cef308fa8359804a2582aa21af8a631877fea087f6de7,620,0x3f37e97238b6dc8327ade420ed0f027ceeb278353fb3c40b5835a273bf5ced85,50,0x8c8d1170edec715723d0884775e78d9b3c35e32e,0x155d68d9baa0ab288c2eb8dd3bfa076ca182afff,2479000000000000000,25200,5000000000,0,1,0x,,1851912,21000,10628305,0x,,2.479,sent,0x8c8d1170edec715723d0884775e78d9b3c35e32e
1062,5347278,1522389271,0xcff02a44d7e3fe1601dbdde132e3732a765740d3a77e012816c4ec1b7e643637,9596,0x9b1748fbfedaf29e365c244e5187a60c17b75b7764a7f16aa635c65fbea2646d,43,0x2ea1e928e4af14910e141896ece96c812094e3f9,0x8c8d1170edec715723d0884775e78d9b3c35e32e,197869898000000000,940000,5000000000,0,1,0x,,1657397,21000,10627632,0x,,0.197869898,received,0x8c8d1170edec715723d0884775e78d9b3c35e32e
1063,5352285,1522462879,0xa72205a5042bc4576a9260279165fc8b84c93d165ee25682f25a5b58023a69cf,10971,0x101347fa0bd0af199a4382bcd56749a136baf8ac2a45e04e6ae1c5af75af5846,129,0x2ea1e928e4af14910e141896ece96c812094e3f9,0x8c8d1170edec715723d0884775e78d9b3c35e32e,181898208000000000,940000,3000000000,0,1,0x,,4040903,21000,10622625,0x,,0.181898208,received,0x8c8d1170edec715723d0884775e78d9b3c35e32e
1064,5358348,1522548796,0x2631a37cd9bf154d48a1769c68b7f7bd2f3d574e3871f459f84871147b5b7717,12335,0xe63f1bf1104acb80932d872661a75148b9d6ed4d28c17e25e19770042dcf4876,84,0x2ea1e928e4af14910e141896ece96c812094e3f9,0x8c8d1170edec715723d0884775e78d9b3c35e32e,198017848000000000,940000,3000000000,0,1,0x,,2804739,21000,10616562,0x,,0.198017848,received,0x8c8d1170edec715723d0884775e78d9b3c35e32e
1065,5360936,1522585878,0x87f60bc7f77dc8e42be38ac28f3c62bd8e93c05b8488a8b49166ae8a01bfe4a8,621,0x0c67e48177fb76631cb5022c6ccfba8c3af8d7161a46cab0ee5723c6a1ee0c42,61,0x8c8d1170edec715723d0884775e78d9b3c35e32e,0x42ba2619d342ad90c71829b3da4a3279ac95e39d,454160000000000000,25200,1781250000,0,1,0x,,2238697,21000,10613974,0x,,0.45416,sent,0x8c8d1170edec715723d0884775e78d9b3c35e32e
1066,5364414,1522635185,0xc52183c9fc8c710fab25bbb1a57242b6a013f2c500671e99466dd29332820676,13700,0x18bd846c64c8e7829fc7aca9f02b2b1a7a803d9cc744bfb4b40ec75a932b725e,65,0x2ea1e928e4af14910e141896ece96c812094e3f9,0x8c8d1170edec715723d0884775e78d9b3c35e32e,198498252000000000,940000,3000000000,0,1,0x,,1727477,21000,10610496,0x,,0.198498252,received,0x8c8d1170edec715723d0884775e78d9b3c35e32e
1067,5370504,1522722324,0x1ee9cb69ab9218563ea9ecb079e53a3d6f123d8dbf57cec3d1cb5f84a8393552,15049,0x51480fb5c1705a931569005224a65083e46f12b81a697e567d095a8f969f35ca,157,0x2ea1e928e4af14910e141896ece96c812094e3f9,0x8c8d1170edec715723d0884775e78d9b3c35e32e,181966299000000000,940000,2000000005,0,1,0x,,6505758,21000,10604406,0x,,0.181966299,received,0x8c8d1170edec715723d0884775e78d9b3c35e32e
1068,5376463,1522807940,0xdfe5c2ba73d1cf2445054e1b92f8db55040933967520f35375df393ed093ee2b,16382,0x17722316c933ce62f37381e5b44f48ff5d62984c06c0b7a9804fc7ff7b363428,96,0x2ea1e928e4af14910e141896ece96c812094e3f9,0x8c8d1170edec715723d0884775e78d9b3c35e32e,114663186000000000,940000,2137783849,0,1,0x,,6944216,21000,10598447,0x,,0.114663186,received,0x8c8d1170edec715723d0884775e78d9b3c35e32e
1069,5377473,1522821955,0x6ede184de6fc6d99ddf17dc938dabdd913f2ff1116e6dbf8fa31e1a06733e220,622,0x7a9a157d7f9439553cedb938d3682ef21f699d9f0c422c458a1b27a7183070b5,41,0x8c8d1170edec715723d0884775e78d9b3c35e32e,0x1d082d45172c5860bf85f900a036ee7292ea45af,3800000000000000000,25200,2000000000,0,1,0x,,1663317,21000,10597437,0x,,3.8,sent,0x8c8d1170edec715723d0884775e78d9b3c35e32e
1070,5382472,1522894330,0x5995f571f94c38da5885ded6864ad4b2da912482c938f635797766664ad1f119,17713,0xa8ebbb4526c5b1240c1f1e1c07fa79d3460e841f85d2d5441f0142eb675e5cb1,133,0x2ea1e928e4af14910e141896ece96c812094e3f9,0x8c8d1170edec715723d0884775e78d9b3c35e32e,204351235000000000,940000,4000000000,0,1,0x,,5618469,21000,10592438,0x,,0.204351235,received,0x8c8d1170edec715723d0884775e78d9b3c35e32e
1071,5388535,1522980948,0x79eadec07f3015ec9cdde9f89c8c6c14a05aaa4d568fd051d106125f2457942c,19054,0xeb909cf3b58f30ab7b8adc7668a5cd3488a4f4b0d0657ff3f881a1a98f2554b5,87,0x2ea1e928e4af14910e141896ece96c812094e3f9,0x8c8d1170edec715723d0884775e78d9b3c35e32e,189641205000000000,940000,2000000000,0,1,0x,,2861776,21000,10586375,0x,,0.189641205,received,0x8c8d1170edec715723d0884775e78d9b3c35e32e
1072,5394595,1523067850,0xe92b1a0a60f0756df2adcc0527108d5f90f82ead51d1d572f2fc500c0e0ad48c,20372,0x44aa946a62ae45fe78d6aad6d054a3087d53372e304f09c1b2455e99d5f3fa27,28,0x2ea1e928e4af14910e141896ece96c812094e3f9,0x8c8d1170edec715723d0884775e78d9b3c35e32e,193644054000000000,940000,3000000000,0,1,0x,,1110043,21000,10580315,0x,,0.193644054,received,0x8c8d1170edec715723d0884775e78d9b3c35e32e
1073,5400635,1523153500,0x9adf09c6459ac2f57df02422a9a84839850fd9bc971fc26d6772eda0cb77b68c,21713,0x5594938c6b5d3b9ad587df39c4be8c8b1b4b5d106d858b9b8e476cd05ceb9cef,128,0x2ea1e928e4af14910e141896ece96c812094e3f9,0x8c8d1170edec715723d0884775e78d9b3c35e32e,193862307000000000,940000,2000000000,0,1,0x,,3787313,21000,10574275,0x,,0.193862307,received,0x8c8d1170edec715723d0884775e78d9b3c35e32e
1074,5402060,1523173847,0x8f333ea5a734e644e844685fb74e731e0b3184bce37b00fce10aea74feadf0ba,623,0x3a66473d227fd1aea73a693f465f29af901800a65aa01b9d07f86902a5d8bc37,233,0x8c8d1170edec715723d0884775e78d9b3c35e32e,0x42ba2619d342ad90c71829b3da4a3279ac95e39d,425566660000000000,25200,1000000000,0,1,0x,,7062982,21000,10572850,0x,,0.42556666,sent,0x8c8d1170edec715723d0884775e78d9b3c35e32e
1075,5406652,1523239909,0x79b9e192b8979535c708e6a79169c3e58c9dd95fe1f93e8a26638b86725584ab,23033,0x7e8481a9767cb2f714ecf34cad12a33ed53a187036f4e8f51acb0ff617890fcb,77,0x2ea1e928e4af14910e141896ece96c812094e3f9,0x8c8d1170edec715723d0884775e78d9b3c35e32e,201054133000000000,940000,5000000000,0,1,0x,,2090966,21000,10568258,0x,,0.201054133,received,0x8c8d1170edec715723d0884775e78d9b3c35e32e
1076,5412691,1523326658,0x2cc62e9976601aaa7b0e490a8725eab71530468cf41ea3c7bfc3c50efc9f5723,24386,0x7d28e2713345bfa09c2198fdad49e076ea9262b30238bafbcac8b7597336767a,209,0x2ea1e928e4af14910e141896ece96c812094e3f9,0x8c8d1170edec715723d0884775e78d9b3c35e32e,208004378000000000,940000,3000000000,0,1,0x,,4862801,21000,10562219,0x,,0.208004378,received,0x8c8d1170edec715723d0884775e78d9b3c35e32e
1077,5418934,1523415365,0x18d2435cb3c2e18bf7480c848b07fed737fd7c6c6ec00ef6ecaf1213f9a5b12c,25693,0x6bb3f6a317c3901f15d043eb79a75ff1ce2abe4844ca10d55e2b46771c8c5521,112,0x2ea1e928e4af14910e141896ece96c812094e3f9,0x8c8d1170edec715723d0884775e78d9b3c35e32e,200995227000000000,940000,3000000000,0,1,0x,,2973470,21000,10555976,0x,,0.200995227,received,0x8c8d1170edec715723d0884775e78d9b3c35e32e
1078,5424687,1523499130,0x9c6bd1a57e4b4ecf4e8b8b510a069e236c4a8015d70758eb4be3c115341ca712,27032,0x63bbe26910daac67429055b4d448f3d1882a09283ea5b1ad9a6857d302fb14d7,246,0x2ea1e928e4af14910e141896ece96c812094e3f9,0x8c8d1170edec715723d0884775e78d9b3c35e32e,195901756000000000,940000,4000000000,0,1,0x,,7040413,21000,10550223,0x,,0.195901756,received,0x8c8d1170edec715723d0884775e78d9b3c35e32e
1079,5430627,1523585776,0xa15f601d5ca7fd17c759b1314bc0b1883d69402a26bd471fe3da5da439a418e8,28358,0x1c131654fd0e3e064a98b4f59446888d5cb282eaa53f917e2cc3117f0ca5222c,109,0x2ea1e928e4af14910e141896ece96c812094e3f9,0x8c8d1170edec715723d0884775e78d9b3c35e32e,42701089000000000,940000,4000000000,0,1,0x,,4537435,21000,10544283,0x,,0.042701089,received,0x8c8d1170edec715723d0884775e78d9b3c35e32e
1080,5436516,1523672031,0xcba914e5c9589a2e92b53307aea67a58f5107595a7b33a1c68f53908adadd012,29722,0xf8710e7ddfe4f4d280eb69af48ffa0a094ee28fc0722f02842acb0b2ce82fee4,190,0x2ea1e928e4af14910e141896ece96c812094e3f9,0x8c8d1170edec715723d0884775e78d9b3c35e32e,101175715000000000,940000,3000000000,0,1,0x,,5043416,21000,10538394,0x,,0.101175715,received,0x8c8d1170edec715723d0884775e78d9b3c35e32e
1081,5443431,1523772547,0x5eae14a56a917055a309c47526cd5fe18cfda58b68cf099ea4dff376820f4d1d,624,0xc9b5f7ef895e655aecb478f7a22f3388006083972afce94aa1d5ea2612288312,129,0x8c8d1170edec715723d0884775e78d9b3c35e32e,0x42ba2619d342ad90c71829b3da4a3279ac95e39d,316700000000000000,25200,1000000000,0,1,0x,,5833244,21000,10531479,0x,,0.3167,sent,0x8c8d1170edec715723d0884775e78d9b3c35e32e
1082,5448383,1523844893,0xf4da83cd3b23a5b1f4a2fdb2481bf85d532934b5f008b55b0a2cbcff2d3879fe,32471,0x2aeea02b4a466f21669fdfab86ea31e478fd87ed9500940c2e33e2bf27af629a,139,0x2ea1e928e4af14910e141896ece96c812094e3f9,0x8c8d1170edec715723d0884775e78d9b3c35e32e,126055582000000000,940000,3000000000,0,1,0x,,4805135,21000,10526527,0x,,0.126055582,received,0x8c8d1170edec715723d0884775e78d9b3c35e32e
1083,5454392,1523932609,0x16b8bebbe9cc742ebd5d06197c48a8cc5f6eaee99584090703413e28d1c8ec80,33856,0x85c8aff5af0be38fdafe20ba223a32abbc5ec8e3d039aa8dbfa80f6f8093fad2,140,0x2ea1e928e4af14910e141896ece96c812094e3f9,0x8c8d1170edec715723d0884775e78d9b3c35e32e,189490432000000000,940000,1000000000,0,1,0x,,6356078,21000,10520518,0x,,0.189490432,received,0x8c8d1170edec715723d0884775e78d9b3c35e32e
1084,5454580,1523935315,0x27b75e67fff535c478e8cbc3594c9b82516ae5c066d7ec3af0fa7522f99db266,625,0x774cb7a935fcb028082a529a8f7d315b8716a327adc87aed8fdfa80a6232c2d4,32,0x8c8d1170edec715723d0884775e78d9b3c35e32e,0x54b825a3c69f65c0840b840b313bc8110be5191f,1000000000000000000,25200,21000000000,0,1,0x,,2026110,21000,10520330,0x,,1,sent,0x8c8d1170edec715723d0884775e78d9b3c35e32e
1085,5454640,1523935992,0xb64c585eda541be23ae51dd724a4cf9f72894007d59a768c3191d3eb36ccd9d4,626,0xb82a66a13b513e0450f2426ba00593ec9992b652bb97f0053595ce5323ad9c38,28,0x8c8d1170edec715723d0884775e78d9b3c35e32e,0x54b825a3c69f65c0840b840b313bc8110be5191f,300000000000000000,25200,21000000000,0,1,0x,,1120288,21000,10520270,0x,,0.3,sent,0x8c8d1170edec715723d0884775e78d9b3c35e32e
1086,5454718,1523937068,0x47105652b7392bbdd080434a4f6c84032d4156175c08094358b1ced71f93e681,627,0x0ac2fcd77bef339ad465d9081ab6776d2f4819f7f12d8d7bcf37c4b5313024d0,23,0x8c8d1170edec715723d0884775e78d9b3c35e32e,0x9f0577396ede6414394fc97ae222418e8a96ed24,100000000000000000,25200,21000000000,1,0,0x,,807633,25200,10520192,0x,,0.1,sent,0x8c8d1170edec715723d0884775e78d9b3c35e32e
1087,5460190,1524018177,0x0e59e04ff4d3dc9d66088acbf45c78be5317eb24f15a6e8fe4091d33185e8adc,35283,0x3341fd48cb4b70e25d47098ef9248733a830884c3aa04093be6f397dbfed24cc,104,0x2ea1e928e4af14910e141896ece96c812094e3f9,0x8c8d1170edec715723d0884775e78d9b3c35e32e,206467247000000000,940000,5500000000,0,1,0x,,3328641,21000,10514720,0x,,0.206467247,received,0x8c8d1170edec715723d0884775e78d9b3c35e32e
1088,5460379,1524020874,0xf6c4776f50502072cc3abe45628afb6b57f05f18af9a42353ece9dc64dcac998,707373,0xb65aeae355add3b311173bf5952188025b88786b1da5757402380e532b4821f6,81,0x05ee546c1a62f90d7acbffd6d846c9c54c7cf94c,0x8c8d1170edec715723d0884775e78d9b3c35e32e,1833000000000000000,50000,21000000000,0,1,0x,,7505312,21000,10514531,0x,,1.833,received,0x8c8d1170edec715723d0884775e78d9b3c35e32e
1089,5460423,1524021420,0x8b2209367a0e08a7e951e52ada032aaa8ff7f9d702e177c61000aba5cd46bce7,628,0x367a020df0a5b9643eb8e08145e846e8afb55441ef8da78b12c1fb99c39f5cf4,13,0x8c8d1170edec715723d0884775e78d9b3c35e32e,0xf6803687104660ffdaa383e5847083242a7a647b,2002000000000000000,25200,6000000000,0,1,0x,,348151,21000,10514487,0x,,2.002,sent,0x8c8d1170edec715723d0884775e78d9b3c35e32e
1090,5460476,1524022297,0x8b3562e082888c2a36140513b069dd6fa6abc02636a5bcf19895dbac3559ceca,177,0x0fae5e803c691eb7ccf0e72372fca96b8c6fa88c7ca272d60ae45380dc901e9b,21,0x42ba2619d342ad90c71829b3da4a3279ac95e39d,0x8c8d1170edec715723d0884775e78d9b3c35e32e,1000000000000000000,25200,18000000000,0,1,0x,,1117064,21000,10514434,0x,,1,received,0x8c8d1170edec715723d0884775e78d9b3c35e32e
1091,5460488,1524022535,0x143c6ae7c041558c75e4c0a6ca2d2da7b7428dd7a60177f495d809eaa1c2cf34,629,0x99936c2b13826e0ebe0f072dc0cb3faca7758030902f8a51438507642736a473,48,0x8c8d1170edec715723d0884775e78d9b3c35e32e,0xf6803687104660ffdaa383e5847083242a7a647b,1000000000000000000,25200,12718750000,0,1,0x,,2015357,21000,10514422,0x,,1,sent,0x8c8d1170edec715723d0884775e78d9b3c35e32e
1092,5460654,1524024992,0x34b187b5dbcc76444b71065f72d1583e6e0d201ec034d3b3b19e6acf70e5e125,28100,0xfcaa26f4f154b8eb320b788161bddc834ec180f8c2f6daeeeae551f4cf90b2e1,27,0x6cc5f688a315f3dc28a7781717a9a798a59fda7b,0x8c8d1170edec715723d0884775e78d9b3c35e32e,5010000000000000000,420000,20000000000,0,1,0x,,926575,21000,10514256,0x,,5.01,received,0x8c8d1170edec715723d0884775e78d9b3c35e32e
1093,5460679,1524025421,0x76bd2204e56a8551967f791d35bb3cf1aebb92c588a0d474ebf98a596370ab63,630,0x508d5873d4d6e68412e25855beade267f25b19194de817281c78a917901c7d2a,110,0x8c8d1170edec715723d0884775e78d9b3c35e32e,0xf6803687104660ffdaa383e5847083242a7a647b,5000000000000000000,25200,4125000000,0,1,0x,,3542736,21000,10514231,0x,,5,sent,0x8c8d1170edec715723d0884775e78d9b3c35e32e
1094,5465980,1524104670,0xf594a7b40a7e942429bc8846dc4d1537cc95f456d19d0193ec14c707d38a6b5c,36690,0xd8ac71b2320424f05d4648c68d31b23e6b40b56c0460fce4b1b31bab67c48af9,123,0x2ea1e928e4af14910e141896ece96c812094e3f9,0x8c8d1170edec715723d0884775e78d9b3c35e32e,204081418000000000,940000,4000000000,0,1,0x,,7028523,21000,10508930,0x,,0.204081418,received,0x8c8d1170edec715723d0884775e78d9b3c35e32e
1095,5471772,1524191155,0x0aa9bd66a500fc1f9ce2159f5a25a698e8eb8290002aa8515eb23fb9c1e085e9,38076,0x52f617d4ada1f69005d2c90178f847bf5e1029cad81608252335526d32372bf6,168,0x2ea1e928e4af14910e141896ece96c812094e3f9,0x8c8d1170edec715723d0884775e78d9b3c35e32e,204782053000000000,940000,3180000000,0,1,0x,,5153006,21000,10503138,0x,,0.204782053,received,0x8c8d1170edec715723d0884775e78d9b3c35e32e
1096,5471793,1524191559,0x2da9b007a0ca247dc44dc9c250027f5ea3f5a3c57564ad48d6e6e9c42c189db7,52,0x9a171a7c51787b7f0cc6ea3318a475f3039c16802b03962e0d11d380338d3f92,45,0xf6803687104660ffdaa383e5847083242a7a647b,0x8c8d1170edec715723d0884775e78d9b3c35e32e,1000000000000000000,160000,8000000000,0,1,0x,,2288569,21000,10503117,0x,,1,received,0x8c8d1170edec715723d0884775e78d9b3c35e32e
1097,5471947,1524193961,0x9c20269c351f2f89a061343ae1bc2b0b18d4e445f8e8075c40a1437dfc10e617,631,0x4cdec7c2c668fdcc80972f3a2d18eb11fdeb23ea588d2f39733665dea012bf01,67,0x8c8d1170edec715723d0884775e78d9b3c35e32e,0x42ba2619d342ad90c71829b3da4a3279ac95e39d,1000000000000000000,25200,1000000000,0,1,0x,,7318256,21000,10502963,0x,,1,sent,0x8c8d1170edec715723d0884775e78d9b3c35e32e
1098,5472795,1524206609,0xdad7f9309245a533044f7fc0e345891172a7b79339076654da7f71bbf519728f,496904,0xb7fc9bd16ad070260ad80362b3bde0111e4cc838e7b5b13c04f5a502fbe6a089,7,0x564286362092d8e7936f0549571a803b203aaced,0x8c8d1170edec715723d0884775e78d9b3c35e32e,3544680300000000000,21000,55000000000,0,1,0x,,366270,21000,10502115,0x,,3.5446803,received,0x8c8d1170edec715723d0884775e78d9b3c35e32e
1099,5472814,1524206937,0x30239a14360e134ab49f5ce16976f19e7acea4bbfa3f5e37afe466dce78f8111,632,0x7b3db345a2594d62aa37c028c047fe6fba6b6cd19be1d7c9fa788e6613ba06d0,96,0x8c8d1170edec715723d0884775e78d9b3c35e32e,0x5ba11e7efd181593519ee2a7657e83d82e1c5c56,4000000000000000000,25200,4000000000,0,1,0x,,3799694,21000,10502096,0x,,4,sent,0x8c8d1170edec715723d0884775e78d9b3c35e32e
1100,5477542,1524277768,0x617bc6307e82b6c1db394c08d51ead750ee14d5433654fae7bcb2d9f9a0d0e0f,39461,0x050e64f527731bb0f728b7c4395477ed95ec3b4a4496be95e42ce1467990da45,123,0x2ea1e928e4af14910e141896ece96c812094e3f9,0x8c8d1170edec715723d0884775e78d9b3c35e32e,204877106000000000,940000,3000000000,0,1,0x,,5684321,21000,10497368,0x,,0.204877106,received,0x8c8d1170edec715723d0884775e78d9b3c35e32e
1101,5483348,1524363449,0x88925aa760d5ed9511b46de52791b0139fb9d45a535f8239fcd276fc42000696,40839,0x0efe5c055a2f9d0e6cd4464dd91a8911df04fade76b9ef163b0d1ed3b0d0a42a,131,0x2ea1e928e4af14910e141896ece96c812094e3f9,0x8c8d1170edec715723d0884775e78d9b3c35e32e,193283706000000000,940000,2000200000,0,1,0x,,4688012,21000,10491562,0x,,0.193283706,received,0x8c8d1170edec715723d0884775e78d9b3c35e32e
1102,5484812,1524385639,0xd04e331d540bf1041bee952e6f0689c36fdd9066180804f828b5a81156a46981,633,0x636cd6af852b0c45419029921edd097e1c5816366abca8faca4f0c998d92ea66,169,0x8c8d1170edec715723d0884775e78d9b3c35e32e,0x42ba2619d342ad90c71829b3da4a3279ac95e39d,443000000000000000,25200,2100000000,0,1,0x,,6760046,21000,10490098,0x,,0.443,sent,0x8c8d1170edec715723d0884775e78d9b3c35e32e
1103,5518918,1524893391,0x93293337e7191d47fc4bb0ab0044b9346b3bb6cbcc7b64b17ed118f6175f2ea1,634,0x3d75047055f957fd5538bbb766e8afededfe670c04e0b32a2418ecc20ddd8cfb,53,0x8c8d1170edec715723d0884775e78d9b3c35e32e,0xea5f5ecc4320b3d8b652c8d316a587afdf127b77,6000000000000000,25200,1000000000,0,1,0x,,1728813,21000,10455992,0x,,0.006,sent,0x8c8d1170edec715723d0884775e78d9b3c35e32e
1104,5535427,1525141652,0x1d645af8d83b9531905d1cc647e5e7d29055e8cf3f1b74b80f58bd7c5734fd19,53293,0x4531e42736d3d91f24645adf9be44bcf70145ceac155fd5c0868d76335bf0fe0,83,0x2ea1e928e4af14910e141896ece96c812094e3f9,0x8c8d1170edec715723d0884775e78d9b3c35e32e,179325977000000000,940000,6000000000,0,1,0x,,4678065,21000,10439483,0x,,0.179325977,received,0x8c8d1170edec715723d0884775e78d9b3c35e32e
1105,5541220,1525230116,0x459bb8a812fda9233356941f39c5cabe06388d68bf045302a43f7c7abe3f76fa,54597,0x56068cc7722ae9903a5a0ca8f2ee1c20949ce878719ff61902193e3336aba9a2,114,0x2ea1e928e4af14910e141896ece96c812094e3f9,0x8c8d1170edec715723d0884775e78d9b3c35e32e,189727263000000000,940000,5000000000,0,1,0x,,5045157,21000,10433690,0x,,0.189727263,received,0x8c8d1170edec715723d0884775e78d9b3c35e32e
1106,5542987,1525257015,0x26f8091d35d53e24285e7836665b97d003b78b8b26c3f3217b7249e5d0df887a,87917,0x218d0bbfa94ffc8355c59e64de1791db3c572e9d72893ee2bce7caca0ff5c764,41,0x0d0707963952f2fba59dd06f2b425ace40b492fe,0x8c8d1170edec715723d0884775e78d9b3c35e32e,3227000000000000000,50000,9000000000,0,1,0x,,1434570,21000,10431923,0x,,3.227,received,0x8c8d1170edec715723d0884775e78d9b3c35e32e
1107,5543010,1525257244,0xc96fc79be8df78bf3a485722b12d40f2e96701063985010a949c2aa1ea800254,635,0xecd54164d4640f64fa4fa437e306fb686d0c664b9d937eeb928189576250f2e3,67,0x8c8d1170edec715723d0884775e78d9b3c35e32e,0x5ba11e7efd181593519ee2a7657e83d82e1c5c56,3000000000000000000,25200,6000000000,0,1,0x,,2011488,21000,10431900,0x,,3,sent,0x8c8d1170edec715723d0884775e78d9b3c35e32e
1108,5546815,1525315254,0x205d0c8999a39cf590d795b1a7e372457e7d9370c37506de4b022484b77337bf,55923,0xe2d147f6c46a757287ba7038b5128d1d98b4bc53cc8d3fe44234531e695b4f22,172,0x2ea1e928e4af14910e141896ece96c812094e3f9,0x8c8d1170edec715723d0884775e78d9b3c35e32e,199007619000000000,940000,5000000000,0,1,0x,,6131651,21000,10428095,0x,,0.199007619,received,0x8c8d1170edec715723d0884775e78d9b3c35e32e
1109,5552467,1525400767,0x2ef63ab1f8eb07a8f0e8655702d0ae7875d142af1dcb74b43be9f61eef39f112,57305,0xfe27b530b314eac1176876217f626e90f166b402867db1021e38553d2c4ce940,64,0x2ea1e928e4af14910e141896ece96c812094e3f9,0x8c8d1170edec715723d0884775e78d9b3c35e32e,187593095000000000,940000,5000000000,0,1,0x,,6822014,21000,10422443,0x,,0.187593095,received,0x8c8d1170edec715723d0884775e78d9b3c35e32e
1110,5554346,1525429707,0xb9ae7e747c17534dd8636e2a6d14a3de437946376715318c83bca66055a037dd,636,0x05ef0a1a821a274b0924f7cfbb687d5098550ce0de9f491ade402144c6907284,125,0x8c8d1170edec715723d0884775e78d9b3c35e32e,0x9f5f3cfd7a32700c93f971637407ff17b91c7342,0,60000,6000000000,0,1,0xa9059cbb000000000000000000000000431a4f92860fdf4c67838f34dff182bdb716198e0000000000000000000000000000000000000000000000aba11381d026b80000,,4675615,55669,10420564,0xa9059cbb,"transfer(address _to, uint256 _value)",0,sent,0x8c8d1170edec715723d0884775e78d9b3c35e32e
1111,5555351,1525445673,0x029452d0bc9dcf9a536eaf2de883e4a9c09a587d0dcb91f9fbc9eae989abce12,637,0xb9fd45f4d8ac7f97a020790554ba3b9ceb10c972b376911e4a3eb42c4e717335,41,0x8c8d1170edec715723d0884775e78d9b3c35e32e,0x8dbf0f4ea4ed0827313d40079c0d60aa1e88cb86,100000000000000000,26907,8000000000,0,1,0x,,1148992,22423,10419559,0x,,0.1,sent,0x8c8d1170edec715723d0884775e78d9b3c35e32e
1112,5555509,1525448183,0x51292678c4566c8df02ca3e1e007b21268f5e2d829c2c1c8fd940f3a59e8f52a,638,0x48313ab82af6c742f35f077b8c42498e9fc50d6420f97685a81c55ffdaaea8d8,138,0x8c8d1170edec715723d0884775e78d9b3c35e32e,0x02b122448099832cc64632a38a945cdefa47c7f1,100000000000000000,25200,8000000000,0,1,0x,,3884986,21000,10419401,0x,,0.1,sent,0x8c8d1170edec715723d0884775e78d9b3c35e32e
1113,5556140,1525457651,0x1b5467c54aca4a651717925fe9da33d8c58c6c24148ad17f2f68f776d54c2b65,652,0x620e93f5dd24c820751c7993c616f7c33bb5154fb37c7c773f0dfa2df629072e,96,0x5ba11e7efd181593519ee2a7657e83d82e1c5c56,0x8c8d1170edec715723d0884775e78d9b3c35e32e,3000000000000000000,25200,8000000000,0,1,0x,,5383933,21000,10418770,0x,,3,received,0x8c8d1170edec715723d0884775e78d9b3c35e32e
1114,5558641,1525495407,0xdebceac37e81fc9f99b1d9d900bdfa9f0c6712fa171db43586d3eca95f65c6eb,58674,0xa4d2e7bfa2b0b56a00dbcf43077aa9409e1380bf7d1e0242168d237f346be3c5,111,0x2ea1e928e4af14910e141896ece96c812094e3f9,0x8c8d1170edec715723d0884775e78d9b3c35e32e,195207357000000000,940000,8000000000,0,1,0x,,4467390,21000,10416269,0x,,0.195207357,received,0x8c8d1170edec715723d0884775e78d9b3c35e32e
1115,5563791,1525573115,0xd17eccd0606a550684c1a068d04fdd518e929cda52a2e0ae40507801ec81cf3f,639,0xd6cfd432f69ad38db0d350b144a96f8385adf561bfb1486c82a34326b99c9e3a,153,0x8c8d1170edec715723d0884775e78d9b3c35e32e,0x42ba2619d342ad90c71829b3da4a3279ac95e39d,2320000000000000000,25200,5000000000,0,1,0x,,5130711,21000,10411119,0x,,2.32,sent,0x8c8d1170edec715723d0884775e78d9b3c35e32e
1116,5563878,1525574533,0xf16c76ebf581aefe306b21e56d2122a9a5615a4031ed9825eb0f3ffc399c5366,59808,0x584c08ebab169afc63f8e023f68ce82229a05dabc9fff3a69b4dfe456f647fe0,90,0x2ea1e928e4af14910e141896ece96c812094e3f9,0x8c8d1170edec715723d0884775e78d9b3c35e32e,159771005000000000,940000,5000000000,0,1,0x,,4364278,21000,10411032,0x,,0.159771005,received,0x8c8d1170edec715723d0884775e78d9b3c35e32e
1117,5566212,1525609744,0xbd684fd5435dd70a8ce46455b5ae674b0da8348166df238d987f83ab4521c523,640,0xa162cc975b28c10d8c01bfe21594820f43772840fa50b94ac10bf2232ba5dfe9,115,0x8c8d1170edec715723d0884775e78d9b3c35e32e,0x42ba2619d342ad90c71829b3da4a3279ac95e39d,370200000000000000,25200,5000000000,0,1,0x,,5960415,21000,10408698,0x,,0.3702,sent,0x8c8d1170edec715723d0884775e78d9b3c35e32e
1118,5569622,1525660158,0xde5dcdbc70f82d01e03326fb2380ef4bfa7e5ee5475c315cc1c9a61598f4f995,60977,0x06c6d1a87204b7c142928de2a0bdd8363df448d4850d215bc1d542f730ece707,154,0x2ea1e928e4af14910e141896ece96c812094e3f9,0x8c8d1170edec715723d0884775e78d9b3c35e32e,184676113000000000,940000,12000000000,0,1,0x,,4543460,21000,10405288,0x,,0.184676113,received,0x8c8d1170edec715723d0884775e78d9b3c35e32e
1119,5575481,1525746936,0xf246ab5ec0ebb9c32369e6376f1d9ad76d3e56493fbd3f2b365e24c89dffc05d,62118,0x54ad143d2b6936f047d5e7fe5047ea3790da695c432042e436b473def4e2a271,131,0x2ea1e928e4af14910e141896ece96c812094e3f9,0x8c8d1170edec715723d0884775e78d9b3c35e32e,183524342000000000,940000,6000000000,0,1,0x,,4705797,21000,10399429,0x,,0.183524342,received,0x8c8d1170edec715723d0884775e78d9b3c35e32e
1120,5581126,1525832285,0xf5510accc7c165718cfa387b60a4dee3a17e8790dad37465efffd94aef79657d,63277,0x7f217a86438eaba1bc7d48c75ca13b98f9aab3f8580aa4d566b8654b87722688,193,0x2ea1e928e4af14910e141896ece96c812094e3f9,0x8c8d1170edec715723d0884775e78d9b3c35e32e,176678488000000000,940000,4100000000,0,1,0x,,4699121,21000,10393784,0x,,0.176678488,received,0x8c8d1170edec715723d0884775e78d9b3c35e32e
1121,5586916,1525919334,0x07210b7a8f3b9ce2d7643c060ba1a8fa4be14dd4f032725ab0b354d8604b8dd8,64416,0x98b5c8339ca80a859f12114fe96df7cfeb6efe3822a161088368b686778e68aa,63,0x2ea1e928e4af14910e141896ece96c812094e3f9,0x8c8d1170edec715723d0884775e78d9b3c35e32e,184886321000000000,940000,8000000000,0,1,0x,,2242283,21000,10387994,0x,,0.184886321,received,0x8c8d1170edec715723d0884775e78d9b3c35e32e
1122,5588796,1525948243,0x91fb7fb96a4c8be495e2a1703afcfe5c0dd01c5a69e0ed4a8a4d92cef653a8c3,641,0x93e7edb5dba4c0d1a0bc4c41a49a77ad6d3dd35e49512947545423e961a316b4,202,0x8c8d1170edec715723d0884775e78d9b3c35e32e,0x8f149d6e7869b32072276632694cc8d56eb94eb2,1000000000000000000,25200,5687500000,0,1,0x,,7958909,21000,10386114,0x,,1,sent,0x8c8d1170edec715723d0884775e78d9b3c35e32e
1123,5594819,1526039742,0x615272508475278421d416d5c04f832796795c61539cfce9a83b81172fdd21d7,642,0x8109d4869ad7bf9158d010d984fd723947f8b5d0cb6023c7654accf19f061564,113,0x8c8d1170edec715723d0884775e78d9b3c35e32e,0x275b69aa7c8c1d648a0557656bce1c286e69a29d,0,120000,7100000000,0,1,0xa9059cbb0000000000000000000000008ae4ec782b89d09a57170ea327d0de30dd1a31af0000000000000000000000000000000000000000000000000000004b70cd4d10,,5519890,51979,10380091,0xa9059cbb,"transfer(address _to, uint256 _value)",0,sent,0x8c8d1170edec715723d0884775e78d9b3c35e32e
1124,5598381,1526092607,0x677036709ed315083ee4d2f47b4525b1b722bc26313b8bf1214e907ee82e0fdd,390,0x9065997683c1d80caf11f0f73936a0bf5d3ae97eb625725cd583a6359843083d,57,0xab7f2baf977f02beb242af077a51ce9fa2cf83d2,0x8c8d1170edec715723d0884775e78d9b3c35e32e,373485662000000000,940000,4000000000,0,1,0x,,1218298,21000,10376529,0x,,0.373485662,received,0x8c8d1170edec715723d0884775e78d9b3c35e32e
1125,5604157,1526179272,0x4761f1ff89abb77780598a65303716d9f4d15f6ef975c0b31b023821abdb68a5,1403,0x1b929eee9b246cd56fd93b883b6dc70fe36b1dd7c72971ebfacb2249bb9383ab,83,0xab7f2baf977f02beb242af077a51ce9fa2cf83d2,0x8c8d1170edec715723d0884775e78d9b3c35e32e,187277570000000000,940000,5000000000,0,1,0x,,2892216,21000,10370753,0x,,0.18727757,received,0x8c8d1170edec715723d0884775e78d9b3c35e32e
1126,5605630,1526201850,0x86f205e0e5aba23576f31bf00f015d758bbe0bbea342663bc8a901b4da95649a,643,0x55d014d284e8d8a529c5ad22503ec85322d8a404412c2b3732b4a46d9861f2c6,95,0x8c8d1170edec715723d0884775e78d9b3c35e32e,0x42ba2619d342ad90c71829b3da4a3279ac95e39d,430200000000000000,25200,11000000000,0,1,0x,,4469097,21000,10369280,0x,,0.4302,sent,0x8c8d1170edec715723d0884775e78d9b3c35e32e
1127,5609854,1526265126,0x95fe518a1794d40cfb1a6a55f36555d1225976c6cc9463ea276ae58ae7cb6fff,2501,0x03c2e883c7f6f0d1723017fc4cd5a84b9309f0870ce3411cd3a4508d9c2c4594,157,0xab7f2baf977f02beb242af077a51ce9fa2cf83d2,0x8c8d1170edec715723d0884775e78d9b3c35e32e,181880520000000000,940000,8000000000,0,1,0x,,5122645,21000,10365056,0x,,0.18188052,received,0x8c8d1170edec715723d0884775e78d9b3c35e32e
1128,5615474,1526351168,0xb6edd39de78bee04713c9fa291cd70b60cf97294c0dfa77ad94ede9e81702282,3483,0xcbd228372867424f3a73a3401c7efddb16f4f15f37f0930f7dee532209b72978,172,0xab7f2baf977f02beb242af077a51ce9fa2cf83d2,0x8c8d1170edec715723d0884775e78d9b3c35e32e,177990769000000000,940000,8000000000,0,1,0x,,4465893,21000,10359436,0x,,0.177990769,received,0x8c8d1170edec715723d0884775e78d9b3c35e32e
1129,5621203,1526437874,0x615121046b53df5576631ba2c95a26170c62c0434f353d03b58ca4f5739273e1,4547,0xc7918c1456e446111ce614c7be6e30c3dcf1f678ffc9cb5c2170ad0c0e57a160,62,0xab7f2baf977f02beb242af077a51ce9fa2cf83d2,0x8c8d1170edec715723d0884775e78d9b3c35e32e,189027009000000000,940000,10000000000,0,1,0x,,1706763,21000,10353707,0x,,0.189027009,received,0x8c8d1170edec715723d0884775e78d9b3c35e32e
1130,5626908,1526524903,0xb2d98e76c4d51681bd5a067b51e2d3deed5c691845ff8e0dc9a2ee20d4672669,5591,0xa289f24ce40b3ab1a8c112e8ab6e72502df8439e633f1fd178b10f3c196453c2,67,0xab7f2baf977f02beb242af077a51ce9fa2cf83d2,0x8c8d1170edec715723d0884775e78d9b3c35e32e,196364834000000000,940000,10000000000,0,1,0x,,3700796,21000,10348002,0x,,0.196364834,received,0x8c8d1170edec715723d0884775e78d9b3c35e32e
1131,5628064,1526542452,0xc388b5b986e7de8bb7a2b40da3532887c0b050492839ec999b52aab7cf7466da,644,0x7ad293b7ef342dea09fd15d957cf5fd91ea9c45504845929dc1d799aab4bf574,61,0x8c8d1170edec715723d0884775e78d9b3c35e32e,0x8f5d7cb25237e652e4ff8c708d5075bfea1d303c,2000000000000000000,25200,10000000000,0,1,0x,,5486729,21000,10346846,0x,,2,sent,0x8c8d1170edec715723d0884775e78d9b3c35e32e
1132,5632254,1526606135,0x740d0213d008f885aa3658809f3f83c2eeca0fb8b0ffa292e12ebfac43b403fe,210859,0x80c2b35fe226d861eb05729b6afb3eda970b6fe9d4b2a009afb2897885493b2d,102,0x0d0707963952f2fba59dd06f2b425ace40b492fe,0x8c8d1170edec715723d0884775e78d9b3c35e32e,998200000000000000,50000,13000000000,0,1,0x,,4383066,21000,10342656,0x,,0.9982,received,0x8c8d1170edec715723d0884775e78d9b3c35e32e
1133,5632550,1526610524,0x968c1df4115795f3e91984951b67b9914808729ec7a2c64094f7764d0be8508c,6654,0x575d3225d33d090cb966966fd748f3842af54209863a2641c3c63bf3d8989801,226,0xab7f2baf977f02beb242af077a51ce9fa2cf83d2,0x8c8d1170edec715723d0884775e78d9b3c35e32e,191476666000000000,940000,10000000000,0,1,0x,,6837033,21000,10342360,0x,,0.191476666,received,0x8c8d1170edec715723d0884775e78d9b3c35e32e
1134,5633943,1526632099,0xbe7e1ce9a81b171d77169b0e7058e1278fb19b535c247ba426e5d55264c87459,7,0xed7c159e14bc288cda66f27d98b82884bd91e72221e47cb1ad1acbdd4f8c040e,98,0x8f5d7cb25237e652e4ff8c708d5075bfea1d303c,0x8c8d1170edec715723d0884775e78d9b3c35e32e,2000000000000000000,25200,15693750000,0,1,0x,,3844774,21000,10340967,0x,,2,received,0x8c8d1170edec715723d0884775e78d9b3c35e32e
1135,5634191,1526635759,0xff90d0e486780318cb970543661f0d1e443d56913b319158701ade67a16a5491,645,0x49f2a111e4b1b6059f87dc9621a6a55ebe83f39966a3680e679c61a9abd942ac,121,0x8c8d1170edec715723d0884775e78d9b3c35e32e,0x431a4f92860fdf4c67838f34dff182bdb716198e,1000000000000000000,25200,13910000000,0,1,0x,,4738284,21000,10340719,0x,,1,sent,0x8c8d1170edec715723d0884775e78d9b3c35e32e
1136,5634255,1526636570,0xafadc0e102ca8d1f23d87c6ce2f18c3babc554147536bb259095e53ca5eb8926,646,0xbbff6ff275f49c835a0a1ffa251cc44baf03462b73609c29a485a4e67be76170,156,0x8c8d1170edec715723d0884775e78d9b3c35e32e,0x1871e5063b3734c0235028bf8a0212cf0b8559cc,0,60430,11443750000,1,0,0x,,7963445,60430,10340655,0x,,0,sent,0x8c8d1170edec715723d0884775e78d9b3c35e32e
1137,5638245,1526697712,0x1b9f838205d09794f615bc81cf9467c5dadaa8d00e95eaf526d026e0fb86dd62,7721,0xc035d36156b3e9fdbf4741187b33ed3b5a68471eb343bb569d663999f77980cc,133,0xab7f2baf977f02beb242af077a51ce9fa2cf83d2,0x8c8d1170edec715723d0884775e78d9b3c35e32e,195163476000000000,940000,10000000000,0,1,0x,,2814039,21000,10336665,0x,,0.195163476,received,0x8c8d1170edec715723d0884775e78d9b3c35e32e
1138,5641492,1526748612,0x05a40088b4d7a8914228f259d57a72f496db8864d1a6f22cdc157fccd4c486eb,647,0x7053659fccc6ec22a17111cde5062c37e2b6548ac6f46815d8069f18b9dfc09b,2,0x8c8d1170edec715723d0884775e78d9b3c35e32e,0x1da022710df5002339274aadee8d58218e9d6ab5,0,100000,50000000000,0,1,0xd5fa2b00edb3ec40e949d03ed54704299eef83eff96b7565dea071777d2bcb21459925bd0000000000000000000000008c8d1170edec715723d0884775e78d9b3c35e32e,,95151,34553,10333418,0xd5fa2b00,"setAddr(bytes32 node, address addr)",0,sent,0x8c8d1170edec715723d0884775e78d9b3c35e32e
1139,5643754,1526782937,0x79a2835f20b1777ae49b5269ed9e6d13eb32e5674d6e26c087675ca3bdfd2bfc,8770,0x3c700b185c72cb5cc4e6c95212b75f71b3f9b75bf1be295bf5a0235cbda4707b,200,0xab7f2baf977f02beb242af077a51ce9fa2cf83d2,0x8c8d1170edec715723d0884775e78d9b3c35e32e,192410739000000000,940000,9000000000,0,1,0x,,6732785,21000,10331156,0x,,0.192410739,received,0x8c8d1170edec715723d0884775e78d9b3c35e32e
1140,5646421,1526823314,0x6d937b6558a416c16c7be7395c1395e6d9908bc2c83d78e135f50a2cd2cc81b1,648,0xb70b72a5f1428d5ab600fd34aeb204be07b15a077d8ee786129c9b1c4cee8d45,69,0x8c8d1170edec715723d0884775e78d9b3c35e32e,0x42ba2619d342ad90c71829b3da4a3279ac95e39d,441460000000000000,25200,10000000000,0,1,0x,,3968890,21000,10328489,0x,,0.44146,sent,0x8c8d1170edec715723d0884775e78d9b3c35e32e
1141,5649459,1526869848,0x4b2b840cb9b0c3f3ec8460624d612859da590a225bfc3d0aabf4bc5adf12ef5e,9855,0x2b98a7a605a04b303081f66d73167b47411d9c4972f10f0d351c6bca26a1fe9a,94,0xab7f2baf977f02beb242af077a51ce9fa2cf83d2,0x8c8d1170edec715723d0884775e78d9b3c35e32e,191797544000000000,940000,9100000256,0,1,0x,,1995000,21000,10325451,0x,,0.191797544,received,0x8c8d1170edec715723d0884775e78d9b3c35e32e
1142,5649912,1526876637,0xc3b59bf7f5878555126f6b58fca233d74250a497813a7b5d6b906feaf5da2c49,649,0x3a8a5f744efc18d2d8f69f1a156b17ed7a918419f6e487d9ebf26a15ff3fe665,48,0x8c8d1170edec715723d0884775e78d9b3c35e32e,0x5ba11e7efd181593519ee2a7657e83d82e1c5c56,2000000000000000000,25200,10000000000,0,1,0x,,1496124,21000,10324998,0x,,2,sent,0x8c8d1170edec715723d0884775e78d9b3c35e32e
1143,5655155,1526956390,0xd50909946ff9e8cb6a51c95ff70aaa02ae39cc5aed6916c8cc81adb8dfe10263,10969,0xb5480c9ca477acf3b77a3ac51c65e0cc97f16400cab42b1fcffdb445cf5a352b,156,0xab7f2baf977f02beb242af077a51ce9fa2cf83d2,0x8c8d1170edec715723d0884775e78d9b3c35e32e,186207452000000000,940000,10000000000,0,1,0x,,6241680,21000,10319755,0x,,0.186207452,received,0x8c8d1170edec715723d0884775e78d9b3c35e32e
1144,5656784,1526981415,0x9aa445c4e3f2fa7afb126c25f0a8d28f870b76d699da82cb0b8a05ffd6bb6745,650,0xbfecbb2d98e9d623b4b7e9c08066d7befb850300f15854db484d3de891ec632c,99,0x8c8d1170edec715723d0884775e78d9b3c35e32e,0x1f0480a66883de97d2b054929252aae8f664c15c,0,90000,20000000000,0,1,0x,,3809497,83800,10318126,0x,,0,sent,0x8c8d1170edec715723d0884775e78d9b3c35e32e
1145,5657414,1526991080,0x5745e998f7c514f6a1f168efc3312404ae6c911afb7631d4e19079ae87224a07,651,0xba02f4da8bcd7317ebf4133c22e165977f215d198bd3851c885f13449552a249,77,0x8c8d1170edec715723d0884775e78d9b3c35e32e,0xb5dbc6d3cf380079df3b27135664b6bcf45d1869,0,25200,12100000000,1,0,0x,,4919946,21046,10317496,0x,,0,sent,0x8c8d1170edec715723d0884775e78d9b3c35e32e
1146,5657438,1526991552,0xf6f5091faf37ed7b17504d8537bfc8db4196411835d31399a8441c87285c0b49,652,0x5484c540dae48de35a546e24f13c227ba6ae6706d9fd4e97e62262d0f0849a3e,135,0x8c8d1170edec715723d0884775e78d9b3c35e32e,0x7d8b9f24320dab5369144eb46927667f4a58dc49,0,25200,12100000000,1,0,0x,,7799466,21065,10317472,0x,,0,sent,0x8c8d1170edec715723d0884775e78d9b3c35e32e
1147,5658044,1527000879,0x373074dccb9e18685c8b3a975e066932730a93cc152514c7f3e3e597d8ae5097,653,0x7f35c3806cfe02d4f6780bced5eb6e35d8537c79124464d93cde7d4b56f382d7,130,0x8c8d1170edec715723d0884775e78d9b3c35e32e,0xb5dbc6d3cf380079df3b27135664b6bcf45d1869,0,25200,14000000000,1,0,0x,,7114387,21046,10316866,0x,,0,sent,0x8c8d1170edec715723d0884775e78d9b3c35e32e
1148,5659791,1527028000,0x9064ee19d12587cec82ac5d0561cfd31bd80cd28b6e2dc2bd31e9150507d9ef6,654,0xa554e406277ae9a4c4068118ff2c614bb89ff45c819f2b8a76d08a21d5f8aa7f,155,0x8c8d1170edec715723d0884775e78d9b3c35e32e,0x6ff73ee2255c30e072d35598f9b06795122d4e64,0,130669,9100000000,0,1,0x,,7397671,78435,10315119,0x,,0,sent,0x8c8d1170edec715723d0884775e78d9b3c35e32e
1149,5660763,1527043018,0xead36fb91cec31d49f265c2019d4d41675229e522a2d6958334b65bf55f4e9d0,12073,0x5eb7b456aeb8863c0d28dfee773fdf48ce92c537b0ffcaf23930777fa3fcb7e0,283,0xab7f2baf977f02beb242af077a51ce9fa2cf83d2,0x8c8d1170edec715723d0884775e78d9b3c35e32e,187658835000000000,940000,12000000000,0,1,0x,,6524302,21000,10314147,0x,,0.187658835,received,0x8c8d1170edec715723d0884775e78d9b3c35e32e
1150,5666399,1527129229,0x04a156b7bd2e11089ea2233c27012f8e0f0564fd29bf9ebacba140af9afbb1f2,13203,0xc61e9a7539fca669c5763e2adc21a3c60aafecd27346d67e39b757ea3a573f6c,163,0xab7f2baf977f02beb242af077a51ce9fa2cf83d2,0x8c8d1170edec715723d0884775e78d9b3c35e32e,185373738000000000,940000,10000000000,0,1,0x,,4493108,21000,10308511,0x,,0.185373738,received,0x8c8d1170edec715723d0884775e78d9b3c35e32e
1151,5672246,1527219248,0x6fa79630a3e478ee4575b02c7350d227e35996fca8018dc679a2f2fcc776fefb,14391,0x2ea3a99333398a80b0528e43c58ef6bb5fb5d10fa74c572b86511ab191f70fd4,75,0xab7f2baf977f02beb242af077a51ce9fa2cf83d2,0x8c8d1170edec715723d0884775e78d9b3c35e32e,181059183000000000,940000,10000000000,0,1,0x,,3108251,21000,10302664,0x,,0.181059183,received,0x8c8d1170edec715723d0884775e78d9b3c35e32e
1152,5675016,1527262198,0x8f78f3fc5db887441abc56e13b7e415f4bfb5bd2c03b626aafead0d7b50a1c38,225,0xa990bb8bd4d76ecd32a15c220eff4fd31fd26bdc45e4c04ee9004f515bede803,83,0xfbb9f250d89350f7d287d893b5b0ba55a6c56c43,0x8c8d1170edec715723d0884775e78d9b3c35e32e,371300000000000000,100000,15000000000,0,1,0xbeace68080e98cbcefa5b4e8b1a4e5b9ade797bce4534f53,,7866669,22632,10299894,0xbeace680,,0.3713,received,0x8c8d1170edec715723d0884775e78d9b3c35e32e
1153,5677608,1527302410,0x2086273860d6e06b01cb0a3175ea4b96a21c7dd27c9adada35a9c1b483bba893,15489,0xa6f47e39a9eaf2bd182cb961fb114aced5115265ce3c4e92873885d807ad5e2f,114,0xab7f2baf977f02beb242af077a51ce9fa2cf83d2,0x8c8d1170edec715723d0884775e78d9b3c35e32e,199609306000000000,940000,10000000000,0,1,0x,,4998179,21000,10297302,0x,,0.199609306,received,0x8c8d1170edec715723d0884775e78d9b3c35e32e
1154,5678137,1527310244,0xa96f70df64416338cf585d4952e85873ac889865d43f9a0c13c0124acee0b37a,655,0x6cb7292a6c093c25742aada8a88ee263b7e311688182b90fbaea28053fd1668a,106,0x8c8d1170edec715723d0884775e78d9b3c35e32e,0x798bee5cd7e5b7b23899b5db4266fa828e12a166,10000000000000000,25200,9100000000,0,1,0x,,5616634,21000,10296773,0x,,0.01,sent,0x8c8d1170edec715723d0884775e78d9b3c35e32e
1155,5680934,1527351781,0xf4ed13bbaa1459e70772b5289bce253952d2acbf3144b1659f2800f6d71db0a5,656,0xad6865755731e63e5c9137dd3cbad3a502addb283a669e5e9d7b5bd9ae3746eb,50,0x8c8d1170edec715723d0884775e78d9b3c35e32e,0x74fd51a98a4a1ecbef8cc43be801cce630e260bd,0,100470,9100000000,0,1,0x,,2564917,83725,10293976,0x,,0,sent,0x8c8d1170edec715723d0884775e78d9b3c35e32e
1156,5683277,1527387652,0xde89e7cbb5c76e79781a30d1d44a2b45516f364574e6add899a38a396a3929b2,16572,0xfae9e0c365ac6311e5fb401b24c21a7f4964c10ecd712a1862a1291cccec76a8,199,0xab7f2baf977f02beb242af077a51ce9fa2cf83d2,0x8c8d1170edec715723d0884775e78d9b3c35e32e,197102848000000000,940000,9100000000,0,1,0x,,6306266,21000,10291633,0x,,0.197102848,received,0x8c8d1170edec715723d0884775e78d9b3c35e32e
1157,5684531,1527407495,0x7a2e908896929caf7f2b1c82efcce30c3af245aebb7c8bfd6063962b761806cb,657,0xcfa1e8af88e2639f64e7d23ce845142dcc20580c1339bfdc78edb3d0960366e7,93,0x8c8d1170edec715723d0884775e78d9b3c35e32e,0x42ba2619d342ad90c71829b3da4a3279ac95e39d,442900000000000000,25200,10000000000,0,1,0x,,5610734,21000,10290379,0x,,0.4429,sent,0x8c8d1170edec715723d0884775e78d9b3c35e32e
1158,5686255,1527433863,0x77eb0aa980b89cfe6db0e84a96fb41512a9db764e4435c99c9397c04bd8d1c63,658,0x0072596d1b735afcaaf8758e39f5dea33fd4ebab3a0f61a8ac7dd04c2ebe611c,196,0x8c8d1170edec715723d0884775e78d9b3c35e32e,0xba7435a4b4c747e0101780073eeda872a69bdcd4,0,60000,10000000000,1,0,0xa9059cbb000000000000000000000000f30bd6895d14169ba31b19dde8824bc647260d0d0000000000000000000000000000000000000000000000000de0b6b3a7640000,,7791443,60000,10288655,0xa9059cbb,"transfer(address _to, uint256 _value)",0,sent,0x8c8d1170edec715723d0884775e78d9b3c35e32e
1159,5686260,1527434027,0x33dd4fc32d2afd2f83c2651e9eb8a63b3f07a7cdd7209cd97adb6cea454091d2,659,0x1794c55afdff64b75df1b0e793f7a3dd1852bd68aed216db86fb6b6b9b75daa3,131,0x8c8d1170edec715723d0884775e78d9b3c35e32e,0xf30bd6895d14169ba31b19dde8824bc647260d0d,10000000000000000,25200,10000000000,0,1,0x,,6336975,21000,10288650,0x,,0.01,sent,0x8c8d1170edec715723d0884775e78d9b3c35e32e
1160,5689054,1527475662,0x759b8e38c985e268c836fd839b402830ad797bee887c090f681736d24029de1c,17697,0xc9371f55487b7ddbbde0c62364e814f0f865ce175b4122cb2131a4cb1309024a,58,0xab7f2baf977f02beb242af077a51ce9fa2cf83d2,0x8c8d1170edec715723d0884775e78d9b3c35e32e,190797975000000000,940000,7000000000,0,1,0x,,1239000,21000,10285856,0x,,0.190797975,received,0x8c8d1170edec715723d0884775e78d9b3c35e32e
1161,5694661,1527561086,0xdeadc5c3a9db4f0904cd03f4b00c3421f0a491a013fbe2f666787a38bc53fe12,18776,0x6cdcb75ad7d26828d839333ec7d3813b68dbe47109186ffefd01226f4d20d11a,200,0xab7f2baf977f02beb242af077a51ce9fa2cf83d2,0x8c8d1170edec715723d0884775e78d9b3c35e32e,191773748000000000,940000,11000000000,0,1,0x,,5428603,21000,10280249,0x,,0.191773748,received,0x8c8d1170edec715723d0884775e78d9b3c35e32e
1162,5701227,1527661468,0xa66cdb8b61b6fdfab77df7dc4101c4494d9d6d85ce56f0bfe804a4edb987e0b4,271454,0xe896ff11cfd3056e04b3dd9e6a2f60f7d717fc2826d63d9cb09d2e6279490307,63,0x0d0707963952f2fba59dd06f2b425ace40b492fe,0x8c8d1170edec715723d0884775e78d9b3c35e32e,4135000000000000000,50000,18000000000,0,1,0x,,4169501,21000,10273683,0x,,4.135,received,0x8c8d1170edec715723d0884775e78d9b3c35e32e
1163,5701242,1527661642,0xacd1f948d4de1bab9d560562316bc72d67d980b13802ee6c2c633a0dfadf1fee,112663,0xdaa276dd8ef2f7896dc2a5ff0bc01e21c58da75a83d46276df41239e03378fae,12,0x0fd081e3bb178dc45c0cb23202069dda57064258,0x8c8d1170edec715723d0884775e78d9b3c35e32e,1991000000000000000,105000,102000000000,0,1,0x,,540386,21000,10273668,0x,,1.991,received,0x8c8d1170edec715723d0884775e78d9b3c35e32e
1164,5701705,1527669112,0x0e61e76e056b041ff577001ec696d64004331d2a8bbd39c192fb48f64d58cd5b,660,0xd72ff1362713a801c56986d21fcccc46c1adc756f9d51682c31195a9b80cefc3,93,0x8c8d1170edec715723d0884775e78d9b3c35e32e,0xedbb13cb5cf31343b8b3ede436c32846947c3d9b,8002000000000000000,25200,16912500000,0,1,0x,,6427232,21000,10273205,0x,,8.002,sent,0x8c8d1170edec715723d0884775e78d9b3c35e32e
1165,5707272,1527754876,0xc93cb5963c9d843a4fc8ab14e4996185822c5e976a7f1b48eaa2663abf19f8e6,279805,0x79bde3f4568c96b30728c4e25c9c65549e104826f7a2986c67a007c82076ac36,195,0x0d0707963952f2fba59dd06f2b425ace40b492fe,0x8c8d1170edec715723d0884775e78d9b3c35e32e,5397000000000000000,50000,23000000000,0,1,0x,,6146969,21000,10267638,0x,,5.397,received,0x8c8d1170edec715723d0884775e78d9b3c35e32e
1166,5707285,1527755014,0xbec3dd76d5aceeb9d5e5502faf443fb5d1459fe91909c4bced41fc09fc71ae89,661,0xa86a87b6835bc3e32726ae744172ab0243b923bbd938b1ee66e98e917dd81ba3,37,0x8c8d1170edec715723d0884775e78d9b3c35e32e,0xa18859dd18f92265fd21e3f7f31d985185e12b76,5002000000000000000,25200,20000000000,0,1,0x,,1435492,21000,10267625,0x,,5.002,sent,0x8c8d1170edec715723d0884775e78d9b3c35e32e
1167,5716972,1527903470,0x8583f7e2db1b8bd73b1a5549dfa3044714cafb00b09885c87bb95c99a20abec2,662,0x59c7b161c766f29592f038256cd53389a68cb7e2cd9d29897b0e8e3553754386,41,0x8c8d1170edec715723d0884775e78d9b3c35e32e,0x52f567a68441e7553c7bedf140ad36e953f7bad7,15600000000000000,25200,10000000000,0,1,0x,,4933246,21000,10257938,0x,,0.0156,sent,0x8c8d1170edec715723d0884775e78d9b3c35e32e
1168,5722823,1527993678,0x61abeaaa10adb3848dbf144ab999c5d909ece5fe16d4effbf9c9100413a9fb70,24295,0x0522261e19f1bc080edf0b8c114d7fa0a5fb67d0af250bf67d8c1644ed49e229,175,0xab7f2baf977f02beb242af077a51ce9fa2cf83d2,0x8c8d1170edec715723d0884775e78d9b3c35e32e,204438692000000000,940000,9100000000,0,1,0x,,6304200,21000,10252087,0x,,0.204438692,received,0x8c8d1170edec715723d0884775e78d9b3c35e32e
1169,5725581,1528035716,0x724a5451b44cf241ec32a026aa916a4c35eb150858008187f8038f3e67b12486,663,0xd754855364b59ef08da8e6db44c06f9d21406588e47aac0de533fdefb7c887b6,135,0x8c8d1170edec715723d0884775e78d9b3c35e32e,0x42ba2619d342ad90c71829b3da4a3279ac95e39d,195667000000000000,25200,12000000000,0,1,0x,,3506831,21000,10249329,0x,,0.195667,sent,0x8c8d1170edec715723d0884775e78d9b3c35e32e
1170,5728854,1528086129,0x14f74e8dea685b36226a4f7e4999eb77f344d4935dd14cc028d8badb6df2b402,25371,0x6c0f55cf58a2b062a9a8b1abe189d56f90b71dad87762ed8a872de4ea132e069,123,0xab7f2baf977f02beb242af077a51ce9fa2cf83d2,0x8c8d1170edec715723d0884775e78d9b3c35e32e,199156300000000000,940000,9642686464,0,1,0x,,6277239,21000,10246056,0x,,0.1991563,received,0x8c8d1170edec715723d0884775e78d9b3c35e32e
1171,5734113,1528165670,0xdb75453d5d9b4a5d5bf92d88fa53d3eb21d9b26072395a42315546f9f9a3e172,26474,0x5ec8b31c93436056c47265b95b8d4411b2d5d25dd25307bd5fa2da76708375e3,53,0xab7f2baf977f02beb242af077a51ce9fa2cf83d2,0x8c8d1170edec715723d0884775e78d9b3c35e32e,198848344000000000,940000,10500000000,0,1,0x,,2465286,21000,10240797,0x,,0.198848344,received,0x8c8d1170edec715723d0884775e78d9b3c35e32e
1172,5739686,1528251878,0x25828ba2dc899bce0ea538c9a60330e9ecf0c0d443bf2f46dfc9f4356e3535a5,27310,0x0e4024b3dbc42f36c191def3c4a10a54f2fa8e983467ab079cddb630083af1fe,59,0xab7f2baf977f02beb242af077a51ce9fa2cf83d2,0x8c8d1170edec715723d0884775e78d9b3c35e32e,194688680000000000,940000,7000000000,0,1,0x,,2768125,21000,10235224,0x,,0.19468868,received,0x8c8d1170edec715723d0884775e78d9b3c35e32e
1173,5745389,1528339190,0x96709e81df932ea9aef9c298f8d5f7c851bb7742de3f9d81e63b9b245915e97f,27755,0x999dca06e2941fafcf4c6ff4890b2762b2ff634bc9fe7c39601e7ae28058b2b3,98,0xab7f2baf977f02beb242af077a51ce9fa2cf83d2,0x8c8d1170edec715723d0884775e78d9b3c35e32e,193887691000000000,940000,8000000000,0,1,0x,,3569950,21000,10229521,0x,,0.193887691,received,0x8c8d1170edec715723d0884775e78d9b3c35e32e
1174,5767206,1528673651,0x88b429accca21144271f8143ac8c400dc5655252ec55dbe53746c97483c44beb,664,0x1d65f72715d02102c2818e790f34f2b0c914871815db03d1df9aa3995339d9e0,200,0x8c8d1170edec715723d0884775e78d9b3c35e32e,0x42ba2619d342ad90c71829b3da4a3279ac95e39d,262200000000000000,25200,25100000000,0,1,0x,,4512719,21000,10207704,0x,,0.2622,sent,0x8c8d1170edec715723d0884775e78d9b3c35e32e
1175,5774361,1528782748,0xd1311cddaff63e3363fe825a06be7a6d67820e1350b8d3fcd95a7eba62fce2af,731,0x8e497ec18ff107d971b64bd4236eba3b9a6cbeaa74d755539aec91dad67751c6,26,0x5ba11e7efd181593519ee2a7657e83d82e1c5c56,0x8c8d1170edec715723d0884775e78d9b3c35e32e,3000000000000000000,25200,25100000000,0,1,0x,,761211,21000,10200549,0x,,3,received,0x8c8d1170edec715723d0884775e78d9b3c35e32e
1176,5779203,1528855963,0x8ab263e916b99567b6f57b1f9574a576d70e4359520dd8d760bb2cd5534b00d8,29819,0x314fdc93f0490dae4f01176e104401bb3f3421645ab33aba76d3cae2fa403df4,104,0xab7f2baf977f02beb242af077a51ce9fa2cf83d2,0x8c8d1170edec715723d0884775e78d9b3c35e32e,186899001000000000,940000,7000000000,0,1,0x,,3556693,21000,10195707,0x,,0.186899001,received,0x8c8d1170edec715723d0884775e78d9b3c35e32e
1177,5784915,1528942043,0xe390694b08732ee7fdc176f2585a2e209f7332aa476a57fdf1329e8c5e72c8ac,30199,0xc1773e0d7335e606c9e42b74a6d12ccfb0efa4e150deaf88e748fddb9d480593,173,0xab7f2baf977f02beb242af077a51ce9fa2cf83d2,0x8c8d1170edec715723d0884775e78d9b3c35e32e,189644837000000000,940000,10000000000,0,1,0x,,6005556,21000,10189995,0x,,0.189644837,received,0x8c8d1170edec715723d0884775e78d9b3c35e32e
1178,5790711,1529028576,0x477aa2d76d4f82e77829b1a7e1c75411d660963530b42d47ca95d97d46e0d76e,30615,0x9bce27b2cabc239065fddf646f7f5ba29ec96251a8f234f07c08afd57a1f4ad6,103,0xab7f2baf977f02beb242af077a51ce9fa2cf83d2,0x8c8d1170edec715723d0884775e78d9b3c35e32e,106126728000000000,940000,8000000000,0,1,0x,,3702233,21000,10184199,0x,,0.106126728,received,0x8c8d1170edec715723d0884775e78d9b3c35e32e
1179,5791718,1529043802,0xc86c8223a0d25db666109578eb7b8f5cd0385b0c1a1ceb4b542bd029be578f2c,665,0x94100a0e97c25f1f0a21c90924c4ba202258435a91d72f8a3e13b5a3a85a17e1,125,0x8c8d1170edec715723d0884775e78d9b3c35e32e,0x1d082d45172c5860bf85f900a036ee7292ea45af,4100000000000000000,25200,11000000000,0,1,0x,,7994522,21000,10183192,0x,,4.1,sent,0x8c8d1170edec715723d0884775e78d9b3c35e32e
1180,5802385,1529201761,0x614f52c471b847d8d00a500792a5be7e0d53686942dbaf7b42f4451638126256,31401,0x7ebbf0fd6fa2fc04b368def44ba59d973aa1cffc1e328224d220e004b244565e,38,0xab7f2baf977f02beb242af077a51ce9fa2cf83d2,0x8c8d1170edec715723d0884775e78d9b3c35e32e,220539252000000000,940000,6000000000,0,1,0x,,5902535,21000,10172525,0x,,0.220539252,received,0x8c8d1170edec715723d0884775e78d9b3c35e32e
1181,5804110,1529227038,0xd6e9fc7ddba14368e33ddd7abb00f6880fe878a48f83f5d7eb466537422a11b2,666,0x60b1dd389a018635285fb8c4bc050525afe5721be61d3ef8a022a6b75e90b418,123,0x8c8d1170edec715723d0884775e78d9b3c35e32e,0x42ba2619d342ad90c71829b3da4a3279ac95e39d,234300000000000000,25200,25100000000,0,1,0x,,3015450,21000,10170800,0x,,0.2343,sent,0x8c8d1170edec715723d0884775e78d9b3c35e32e
1182,5808353,1529288092,0x8270cb77d258446c6cd97e759ebe76da33b9d54304bcab6817c2b8e4f22ed247,31863,0x5832010cb5ae37e1b9cc5c0fb785e62af19f1c23afc844981000ce3d4becb532,131,0xab7f2baf977f02beb242af077a51ce9fa2cf83d2,0x8c8d1170edec715723d0884775e78d9b3c35e32e,178566277000000000,940000,3000000000,0,1,0x,,4935282,21000,10166557,0x,,0.178566277,received,0x8c8d1170edec715723d0884775e78d9b3c35e32e
1183,5814222,1529374127,0xff1526fe47b0625c57d5c84680b348fd779006b70ecd3b408300d85743a3edcd,32242,0xcfdaa8555292f5db5e55a3e075adccb93686355c2ae3b831ec7181a1544c804e,133,0xab7f2baf977f02beb242af077a51ce9fa2cf83d2,0x8c8d1170edec715723d0884775e78d9b3c35e32e,176531396000000000,940000,3000000000,0,1,0x,,4775034,21000,10160688,0x,,0.176531396,received,0x8c8d1170edec715723d0884775e78d9b3c35e32e
1184,5820059,1529460701,0x374e0e2dcfa779228a39180427ffe558aaa37b5a0eaeb6f288767f1cccfbd791,32577,0xb2856137daf2863a26c592fd395b7ea062796d5b89d341c7c4643860b2463535,178,0xab7f2baf977f02beb242af077a51ce9fa2cf83d2,0x8c8d1170edec715723d0884775e78d9b3c35e32e,169911170000000000,940000,3750000000,0,1,0x,,5636497,21000,10154851,0x,,0.16991117,received,0x8c8d1170edec715723d0884775e78d9b3c35e32e
1185,5825896,1529547206,0x0c251c0775a37de83c556ae718ad11c506c642b2c3645b30839492e7209c30e9,32980,0x61a8e4a3ea86905d2d04487728824e4eabbba5f68de31beb45d1c0bd28da794e,104,0xab7f2baf977f02beb242af077a51ce9fa2cf83d2,0x8c8d1170edec715723d0884775e78d9b3c35e32e,175531290000000000,940000,4000000000,0,1,0x,,5232468,21000,10149014,0x,,0.17553129,received,0x8c8d1170edec715723d0884775e78d9b3c35e32e
1186,5831735,1529633505,0xc7de732790cf69503eef7f678d696e48ba2cb8dfe9b3d71da23e86098f823022,33385,0x56b91bdb8a2a7dd84bc62a37a78b0023df57c78af04a4599c2af6ec42fa69cd9,101,0xab7f2baf977f02beb242af077a51ce9fa2cf83d2,0x8c8d1170edec715723d0884775e78d9b3c35e32e,160735599000000000,940000,6000000000,0,1,0x,,5675793,21000,10143175,0x,,0.160735599,received,0x8c8d1170edec715723d0884775e78d9b3c35e32e
1187,5843503,1529806385,0x0fb3535ff897119488a066e7973a3ff414063dfed657e5c3a875c000d1d2e092,34172,0x2a25d46fc6b89eb3b611a1377a48f938fcdd8ad1820ce147af7bf1750f5cee4c,207,0xab7f2baf977f02beb242af077a51ce9fa2cf83d2,0x8c8d1170edec715723d0884775e78d9b3c35e32e,255409624000000000,940000,1100000000,0,1,0x,,6352352,21000,10131407,0x,,0.255409624,received,0x8c8d1170edec715723d0884775e78d9b3c35e32e
1188,5846489,1529850822,0xdd08c0ad26f23ce24b77cff6400d2252ac78ae2f0e9a1ad031500b34c6b5224c,667,0x4ab9dc42ac05544874e76d48cd27b9117dda4ca0011be2f902a72bca8a79d853,70,0x8c8d1170edec715723d0884775e78d9b3c35e32e,0x42ba2619d342ad90c71829b3da4a3279ac95e39d,372000000000000000,25200,4259000000,0,1,0x,,3261184,21000,10128421,0x,,0.372,sent,0x8c8d1170edec715723d0884775e78d9b3c35e32e
1189,5849392,1529892413,0xb939bec402847addaee1868721854bb5035c7cc618048cc2ebbc6298200b1364,34570,0xab58150fe750cf4178fe38f3f70b65eae747e36b66b96f4a5ade2f9d75c5f700,121,0xab7f2baf977f02beb242af077a51ce9fa2cf83d2,0x8c8d1170edec715723d0884775e78d9b3c35e32e,174414292000000000,940000,3000000000,0,1,0x,,4663044,21000,10125518,0x,,0.174414292,received,0x8c8d1170edec715723d0884775e78d9b3c35e32e
1190,5855015,1529979282,0x2c3f9e5a3ad19ceda27c5cd0984311acaceef1fc22f341a905f85636d686b4e4,34963,0x5923fd94d112d7ce6f965c65f9f613ffbdcde8e0d98722946fb8e3a84a73183b,76,0xab7f2baf977f02beb242af077a51ce9fa2cf83d2,0x8c8d1170edec715723d0884775e78d9b3c35e32e,180453219000000000,940000,3121428736,0,1,0x,,2866406,21000,10119895,0x,,0.180453219,received,0x8c8d1170edec715723d0884775e78d9b3c35e32e
1191,5860779,1530065830,0x5313be6f835167b3b875bdba9d3e14401d2e5bcf531a611d77a74e1cea4372bc,35378,0x03cb7f600d1d49df6cfca8bbcad5ca420a4d714581d3fb38fe18e6024b0b4c96,101,0xab7f2baf977f02beb242af077a51ce9fa2cf83d2,0x8c8d1170edec715723d0884775e78d9b3c35e32e,186029299000000000,940000,3500000000,0,1,0x,,3904744,21000,10114131,0x,,0.186029299,received,0x8c8d1170edec715723d0884775e78d9b3c35e32e
1192,5866896,1530156976,0x199d03f994806539d27695aaaae2e257d05c5d0dd011b4779bb7aac403d1b1b5,35766,0x8defcddf7f8e829471e9fae014ef1ba23ea65f379d920941489136df5b5affb1,183,0xab7f2baf977f02beb242af077a51ce9fa2cf83d2,0x8c8d1170edec715723d0884775e78d9b3c35e32e,178201288000000000,940000,3500000000,0,1,0x,,6374753,21000,10108014,0x,,0.178201288,received,0x8c8d1170edec715723d0884775e78d9b3c35e32e
1193,5872436,1530239261,0x912168cf377ccdbf31cd53de04e82a7c6a9ee4ea70bb0454acb2dc0374f55860,36205,0xb267d065d5080727c12f42735532e6f7652a36d7961f1b5634c05c932391291d,38,0xab7f2baf977f02beb242af077a51ce9fa2cf83d2,0x8c8d1170edec715723d0884775e78d9b3c35e32e,180295583000000000,940000,2500000000,0,1,0x,,1198708,21000,10102474,0x,,0.180295583,received,0x8c8d1170edec715723d0884775e78d9b3c35e32e
1194,5878152,1530324650,0x17a65bfc1d600c2385790485ff1fb92cc61c039bc5342c85011fd887bff57a46,36567,0x1c66d602cfb2a5e1197fb056b4bc37092130105d14393f3d693b4bea3664f192,89,0xab7f2baf977f02beb242af077a51ce9fa2cf83d2,0x8c8d1170edec715723d0884775e78d9b3c35e32e,187524944000000000,940000,3010000000,0,1,0x,,3929699,21000,10096758,0x,,0.187524944,received,0x8c8d1170edec715723d0884775e78d9b3c35e32e
1195,5884020,1530411312,0xfe857b22d9c47dfe7bb3081f2bf6fefd2489c6541218d518fe87097c72dc08d5,36978,0x75ee23c3a24a8a4b3c17536db733e29710a63db0182f51b1424b33b0d75e2a57,252,0xab7f2baf977f02beb242af077a51ce9fa2cf83d2,0x8c8d1170edec715723d0884775e78d9b3c35e32e,182478670000000000,940000,26000000000,0,1,0x,,6546932,21000,10090890,0x,,0.18247867,received,0x8c8d1170edec715723d0884775e78d9b3c35e32e
1196,5887541,1530464099,0x52ec449a15d6130decc20eee6506a1db3c0c2e0ab2f3b26b0e4dfbd71acc6fee,668,0x04d63ea26db869188fa464cdf91361921e37fec0ddc8f9f2e827b9e8d193fec4,114,0x8c8d1170edec715723d0884775e78d9b3c35e32e,0x42ba2619d342ad90c71829b3da4a3279ac95e39d,423100000000000000,25200,18968750000,0,1,0x,,7192905,21000,10087369,0x,,0.4231,sent,0x8c8d1170edec715723d0884775e78d9b3c35e32e
1197,5894117,1530559324,0x5d6cd8de4f378dedd2bd8ff815e53a83f0a3d28992f737eed87178be6d70821a,37403,0x9e4158d4a68c6ff12f0f99f8514594949d09dc7637311ee44e75d13c438a237c,121,0xab7f2baf977f02beb242af077a51ce9fa2cf83d2,0x8c8d1170edec715723d0884775e78d9b3c35e32e,201524246000000000,940000,50000000000,0,1,0x,,6575534,21000,10080793,0x,,0.201524246,received,0x8c8d1170edec715723d0884775e78d9b3c35e32e
1198,5903040,1530691469,0x0a4baf2e50fe98faffed06cc46de6bbbd2110d93ad0259fa4d5e8d121875a4b2,479,0xe911bdc9ab499964c3a3512a68aa3b0f439bfe589154b25ef889aa179ce1220f,41,0x60f5bb0ffc0fe524765f4488777e973768498d99,0x8c8d1170edec715723d0884775e78d9b3c35e32e,433704792000000000,21000,59000000000,0,1,0x,,7988317,21000,10071870,0x,,0.433704792,received,0x8c8d1170edec715723d0884775e78d9b3c35e32e
1199,5907095,1530751599,0x5c01721eea18853a5c3052ee783f00c552bb8927c3c939d554b2363fc13dc3cb,669,0x054860aedacf24f6f64f3833dc00ba51c40961aa75744b8b2a0d7d629d296f8b,72,0x8c8d1170edec715723d0884775e78d9b3c35e32e,0x423b5f62b328d0d6d44870f4eee316befa0b2df5,0,60000,31000000000,0,1,0xa9059cbb000000000000000000000000b96d762978c528151c648b0c55c7c748c1409b0400000000000000000000000000000000000000000000007af2d29f9ef9f00000,,6788757,52170,10067815,0xa9059cbb,"transfer(address _to, uint256 _value)",0,sent,0x8c8d1170edec715723d0884775e78d9b3c35e32e
1200,5907930,1530764110,0x40ee1eedb18daa59b435e671e4528fcfeafaa032354b68200a0313d1a3d323f1,348,0x51b65d9162c8c00a84fdbc1a133180f87d46765b220360756190e11af56d1fbc,45,0x7c9bf15770f2fb6f769075fd632e9031a428c162,0x8c8d1170edec715723d0884775e78d9b3c35e32e,220611410000000000,940000,42000000000,0,1,0x,,1481514,21000,10066980,0x,,0.22061141,received,0x8c8d1170edec715723d0884775e78d9b3c35e32e
1201,5913341,1530844645,0xa6c0cf0ef17cb08b3bba47cd211156b9960d15945363b2c16c81284fae69b7d9,784,0x3c2d444bc8ad0670b192ffab546febc7f2e0183a2d0319fcf8155eef1ae1454d,58,0x7c9bf15770f2fb6f769075fd632e9031a428c162,0x8c8d1170edec715723d0884775e78d9b3c35e32e,209415920000000000,940000,74000000000,0,1,0x,,5297747,21000,10061569,0x,,0.20941592,received,0x8c8d1170edec715723d0884775e78d9b3c35e32e
1202,5913673,1530849385,0x36cbc41cdec422a760bd1ff94d11f285abd9ee6b52f33c6fbc8c30e11a5cab47,771,0xa7ed6aa1fb8711b4f455aa8b927a8b24800e8c3cd8e025ee9beaf0ec8de66dd1,29,0x5ba11e7efd181593519ee2a7657e83d82e1c5c56,0x8c8d1170edec715723d0884775e78d9b3c35e32e,3000000000000000000,25200,60000000000,0,1,0x,,7208623,21000,10061237,0x,,3,received,0x8c8d1170edec715723d0884775e78d9b3c35e32e
1203,5915319,1530873495,0x0516b52a778c427a50dd19e78fe89317dc7f0c6b4ff112bf83d9f8556bb3cdd4,670,0x8919c9462f66d1da359f5b51952765532f1735c7e6ddbff950b9791caec4ea9b,80,0x8c8d1170edec715723d0884775e78d9b3c35e32e,0x6ed729fc1cd9cf5303c40e495747eb03b78c5fc2,1000000000000000000,25200,80000000000,0,1,0x,,5838358,21000,10059591,0x,,1,sent,0x8c8d1170edec715723d0884775e78d9b3c35e32e
1204,5919125,1530930331,0x2f423b5ded22d0c444b3ec008b5074e89dca3844ee16481a4b332431bb10ad79,1250,0x64ff2a707341aace598830640e8ce04340a4caeea7ee2909b797ac2c15e002e0,86,0x7c9bf15770f2fb6f769075fd632e9031a428c162,0x8c8d1170edec715723d0884775e78d9b3c35e32e,201307390000000000,940000,64000000000,0,1,0x,,3375407,21000,10055785,0x,,0.20130739,received,0x8c8d1170edec715723d0884775e78d9b3c35e32e
1205,5924901,1531016194,0xf8655ea9bc443d88831abb2e4e03ff82b306a120892fffe97d397d5285827043,1742,0x0c365027cde9dc1e3a92c6a9b0f3919d7d33d43419214c8111d052d76e236bc4,151,0x7c9bf15770f2fb6f769075fd632e9031a428c162,0x8c8d1170edec715723d0884775e78d9b3c35e32e,209825169000000000,940000,53000000000,0,1,0x,,5339772,21000,10050009,0x,,0.209825169,received,0x8c8d1170edec715723d0884775e78d9b3c35e32e
1206,5930782,1531104626,0x805574a75dcd11ef8ec04789b7febe1463158de11709406897875b2caa287e43,2264,0xafef5dd41b3bd832b0158de77c101a9f0c25b4ef2ad4c603782b3b56b83bd9a2,188,0x7c9bf15770f2fb6f769075fd632e9031a428c162,0x8c8d1170edec715723d0884775e78d9b3c35e32e,216332850000000000,940000,12000000000,0,1,0x,,5450447,21000,10044128,0x,,0.21633285,received,0x8c8d1170edec715723d0884775e78d9b3c35e32e
1207,5932144,1531124992,0x93874a24b5ab8765e3a7f09a353f9b1700712087b62adfcc4d358b32cbdb346c,671,0xa40da0c54e2731aa927f451ac5784d38cf9e4cb9207425162b4eeb679f5699ac,38,0x8c8d1170edec715723d0884775e78d9b3c35e32e,0x5ba11e7efd181593519ee2a7657e83d82e1c5c56,3000000000000000000,25200,21000000000,0,1,0x,,4733642,21000,10042766,0x,,3,sent,0x8c8d1170edec715723d0884775e78d9b3c35e32e
1208,5936637,1531191468,0x7b3aedb87a60a5eb050e231fd9bf19da571dd508aef63397bdfe17e59fbe4bd9,2743,0xd2a4707b7d73f7b11aff19172ee43d1178c3de1e387c328402e0b3f20f628481,171,0x7c9bf15770f2fb6f769075fd632e9031a428c162,0x8c8d1170edec715723d0884775e78d9b3c35e32e,192749091000000000,940000,23000000000,0,1,0x,,6370184,21000,10038273,0x,,0.192749091,received,0x8c8d1170edec715723d0884775e78d9b3c35e32e
1209,5942302,1531276062,0x84b483b61052f7f487f6ed77a3a87043d6ba0eaa234cbdb2d5e6933bec984b8b,3116,0x13359bec740aa6a09300b472c5fe17fbdc96ed6b241c919681321de6d9def79f,86,0x7c9bf15770f2fb6f769075fd632e9031a428c162,0x8c8d1170edec715723d0884775e78d9b3c35e32e,188717030000000000,940000,8000000000,0,1,0x,,4291325,21000,10032608,0x,,0.18871703,received,0x8c8d1170edec715723d0884775e78d9b3c35e32e
1210,5947679,1531354162,0x47e7a9c7ad23f18bc8d047d024a794264a77b6721bec677807f20d19fe258aab,672,0x951ad62a62f1157dad7bdbf174b0b175b2c141b93487a960eb536fe5a68eb475,126,0x8c8d1170edec715723d0884775e78d9b3c35e32e,0x42ba2619d342ad90c71829b3da4a3279ac95e39d,691330000000000000,25200,12000000000,0,1,0x,,7365701,21000,10027231,0x,,0.69133,sent,0x8c8d1170edec715723d0884775e78d9b3c35e32e
1211,5948193,1531361784,0xb6763cdb92ad70b057be3672c615de1df8803e533e99cf933ff33b09f47fe3ab,3559,0xd037f1262f138b547a04c5c820c8a439458461b7ef5efd6ad867cdb744f06903,122,0x7c9bf15770f2fb6f769075fd632e9031a428c162,0x8c8d1170edec715723d0884775e78d9b3c35e32e,194012443000000000,940000,13000000000,0,1,0x,,3942967,21000,10026717,0x,,0.194012443,received,0x8c8d1170edec715723d0884775e78d9b3c35e32e
1212,5954175,1531448295,0x0a39fd8fc51ba203971c2e239c2773f57a547dec1aa9cd7558c177e0f4ed7335,3955,0xfbb3b8037bbeb70fb6579fe53a126454ad478cbcb960fb798246382b832c463d,102,0x7c9bf15770f2fb6f769075fd632e9031a428c162,0x8c8d1170edec715723d0884775e78d9b3c35e32e,191219360000000000,940000,17000000000,0,1,0x,,3855721,21000,10020735,0x,,0.19121936,received,0x8c8d1170edec715723d0884775e78d9b3c35e32e
1213,5960277,1531536124,0x16c58e85ed2707a027e7d568de0fb22939c69722618fbb840abfd5b37bb5d653,4387,0x623d86f3aa6b91e534e6400835824784348a92afc90d1c3f81ef15d5e54000a4,62,0x7c9bf15770f2fb6f769075fd632e9031a428c162,0x8c8d1170edec715723d0884775e78d9b3c35e32e,199391893000000000,940000,43000000000,0,1,0x,,5428958,21000,10014633,0x,,0.199391893,received,0x8c8d1170edec715723d0884775e78d9b3c35e32e
1214,5966196,1531621468,0xac6c8c8284028fc60f9d9e7ca71210a163a550ff103be6ef003bf462b23d36ba,4819,0x8b45cbf8dedfceb94247656db77d98ec626fbc3fd21553ac50006d416c1c2aa3,59,0x7c9bf15770f2fb6f769075fd632e9031a428c162,0x8c8d1170edec715723d0884775e78d9b3c35e32e,212995221000000000,940000,35000000000,0,1,0x,,6777796,21000,10008714,0x,,0.212995221,received,0x8c8d1170edec715723d0884775e78d9b3c35e32e
1215,5967051,1531633751,0xb523eefb1c7f80671474c96deee4ff8a2642601f9e611fcd5ee08a1d06018b81,673,0xdc4ab912fbd175582ffa8ee06f358d00f5fcf34f36ad1252bc1fe8fe5ad2c4cb,45,0x8c8d1170edec715723d0884775e78d9b3c35e32e,0xb6b2e89d76be7ddadd042ba28278aa82a7aa07e8,2000000000000000000,25200,66625000000,0,1,0x,,5613335,21000,10007859,0x,,2,sent,0x8c8d1170edec715723d0884775e78d9b3c35e32e
1216,5972236,1531707413,0xc265be635b737acf484bd0d933a9242a1e53d9da3db2b7edd694a80176ad6c79,5289,0x09edc92a48b0ec3db0fc6131c81328864b9b54bb4d417177406b05f73c4c1781,106,0x7c9bf15770f2fb6f769075fd632e9031a428c162,0x8c8d1170edec715723d0884775e78d9b3c35e32e,220303041000000000,940000,7000000000,0,1,0x,,4658283,21000,10002674,0x,,0.220303041,received,0x8c8d1170edec715723d0884775e78d9b3c35e32e
1217,5979885,1531820719,0xc028f2d05f1aaf2f88b5092b924a2c9d1520b5320400b25072261852507af31b,90,0x882a28f9e84eaa10d206eee2431750f9522b5857c984811c4c1a08c5f640b419,105,0xe9063a1fcd386a818f67fadf03333efc0703e698,0x8c8d1170edec715723d0884775e78d9b3c35e32e,191282050000000000,940000,6000000000,0,1,0x,,3055019,21000,9995025,0x,,0.19128205,received,0x8c8d1170edec715723d0884775e78d9b3c35e32e
1218,5983938,1531880485,0x29623d8e5d8a30b5f6d8eed39568cffa81347d1bca230bfe0ad93e1c31ea263c,509,0x1e2077734c51bb70cfef3cb231a73dfa7b5075b964335a4883f048c2121994a7,123,0xe9063a1fcd386a818f67fadf03333efc0703e698,0x8c8d1170edec715723d0884775e78d9b3c35e32e,189694974000000000,940000,4000000000,0,1,0x,,5786518,21000,9990972,0x,,0.189694974,received,0x8c8d1170edec715723d0884775e78d9b3c35e32e
1219,6001121,1532135819,0x208b3fd4eacae5109e23639ea01829b8b5c8380b2fb2a91db389528796a30963,674,0xc39872c0fc04da54dcbef08e71b6ea58de99c14c48e5b96c756b794e0bd14192,90,0x8c8d1170edec715723d0884775e78d9b3c35e32e,0x27695e09149adc738a978e9a678f99e4c39e9eb9,0,300000,5000000000,0,1,0xa9059cbb000000000000000000000000ad3db944a7cfecfc1a377441eac36c6fe3a470590000000000000000000000000000000000000000000000000000019e70448800,,5185531,101856,9973789,0xa9059cbb,"transfer(address _to, uint256 _value)",0,sent,0x8c8d1170edec715723d0884775e78d9b3c35e32e
1220,6012791,1532304539,0x83c6ceb6c9a83f604ef772ec11bad7feffeb4931b36b536445b6ba8c5d753bd9,675,0x41e579c31f17da55aac1ad77d378f2f28b253b998ef36509fdc97138a56e1f15,70,0x8c8d1170edec715723d0884775e78d9b3c35e32e,0x42ba2619d342ad90c71829b3da4a3279ac95e39d,466300000000000000,25200,2000000000,0,1,0x,,5125032,21000,9962119,0x,,0.4663,sent,0x8c8d1170edec715723d0884775e78d9b3c35e32e
1221,6030635,1532567685,0xff44187523b6c955f87328566805c77352eec3adb3f8ee7e7cc18e79832670e4,676,0xe85af0ae6682b22b151af88970cbad25dc5000a13c9895f4142055121d56ec32,56,0x8c8d1170edec715723d0884775e78d9b3c35e32e,0x0f5d2fb29fb7d3cfee444a200298f468908cc942,0,60000,2000000000,0,1,0xa9059cbb000000000000000000000000ad3db944a7cfecfc1a377441eac36c6fe3a4705900000000000000000000000000000000000000000000021e19e0c9bab2400000,,4552733,52313,9944275,0xa9059cbb,"transfer(address _to, uint256 _value)",0,sent,0x8c8d1170edec715723d0884775e78d9b3c35e32e
1222,6048808,1532832693,0xd58d8db28ea8ea306c70520f683d4205e28a3d4fd1d282b95df87489066d661d,5358,0x97d41e4f6a30ce8486c4e40c27cfba33fa4cd3718990fbfe8ebee89d83adc265,56,0xe9063a1fcd386a818f67fadf03333efc0703e698,0x8c8d1170edec715723d0884775e78d9b3c35e32e,175082645000000000,940000,1000000000,0,1,0x,,1639428,21000,9926102,0x,,0.175082645,received,0x8c8d1170edec715723d0884775e78d9b3c35e32e
1223,6054662,1532916883,0xb23c3a89136658f439c115362ba27d53110b97846711591a7efb2d341ef5424a,677,0x3209fca824118d5f01970054cfa3efd16b4a6b79a9a99e1085c1a3a8a8d48cf6,92,0x8c8d1170edec715723d0884775e78d9b3c35e32e,0x42ba2619d342ad90c71829b3da4a3279ac95e39d,58367000000000000,25200,1282600000,0,1,0x,,4691578,21000,9920248,0x,,0.058367,sent,0x8c8d1170edec715723d0884775e78d9b3c35e32e
1224,6054697,1532917390,0xb3ea1c4cf3edffc02983f03943e46560f13deb7587a7ad96c214bee9b445e4a5,5865,0xc6efb69e49d7a5381e83a8b2cf3a154810fbf91788d0133c8ef9d2258da39b8c,106,0xe9063a1fcd386a818f67fadf03333efc0703e698,0x8c8d1170edec715723d0884775e78d9b3c35e32e,168046771000000000,940000,1000000000,0,1,0x,,4780483,21000,9920213,0x,,0.168046771,received,0x8c8d1170edec715723d0884775e78d9b3c35e32e
1225,6060626,1533003609,0x526ee88eb1c3e534ef4cd546562a43e881bd00020a4852592b4f7afd085edda6,6366,0x31c1b1b4170ac54e444a58c6aa91bd7ac3d3438dcae4ca2191bd5025b6c7d8a9,126,0xe9063a1fcd386a818f67fadf03333efc0703e698,0x8c8d1170edec715723d0884775e78d9b3c35e32e,167382933000000000,940000,1000000000,0,1,0x,,5466377,21000,9914284,0x,,0.167382933,received,0x8c8d1170edec715723d0884775e78d9b3c35e32e
1226,6070347,1533146539,0x84d9e4ec8f5bef717b39937aa5fef9cbcff12acc30798b7dccbc8e7db66dabe5,7963,0xd115bb9df1e37a01da0aaf64cedb237d1c489a098d07d5c362152ac991d8b6f5,164,0xe9063a1fcd386a818f67fadf03333efc0703e698,0x8c8d1170edec715723d0884775e78d9b3c35e32e,168432027000000000,940000,3000000000,0,1,0x,,3805254,21000,9904563,0x,,0.168432027,received,0x8c8d1170edec715723d0884775e78d9b3c35e32e
1227,6072712,1533180374,0x3c19e290f15a47825556d9e597bdd12ba5e91b147b9db659aa674ced16c88b7e,9245,0xe6989ff1b3dae0fff4c8247b8e3d3288ed79ed6fc26ade586d0280bef34fc675,118,0xe9063a1fcd386a818f67fadf03333efc0703e698,0x8c8d1170edec715723d0884775e78d9b3c35e32e,170334593000000000,940000,1500000000,0,1,0x,,4525342,21000,9902198,0x,,0.170334593,received,0x8c8d1170edec715723d0884775e78d9b3c35e32e
1228,6079468,1533280237,0xf4d5ace4dc0c8d3f8a1803dcee40bf7f7109d5ed06fa9450bfab874999cd98bb,9621,0x3b6f79fb361e84cf7213fe164a844f29d67bd28b77bfe938e010c4cb4ae64079,85,0xe9063a1fcd386a818f67fadf03333efc0703e698,0x8c8d1170edec715723d0884775e78d9b3c35e32e,169125560000000000,940000,3000000000,0,1,0x,,5197333,21000,9895442,0x,,0.16912556,received,0x8c8d1170edec715723d0884775e78d9b3c35e32e
1229,6084199,1533348970,0x3c1e96677ee80aa3cfd21471d018f808eb5bba3b6ec529e4c025a1bf286c8fcd,10098,0x0eb250232c31c7326997965bb19114dd52041b6e13e95ae3480d3b977b4a0556,124,0xe9063a1fcd386a818f67fadf03333efc0703e698,0x8c8d1170edec715723d0884775e78d9b3c35e32e,172608523000000000,940000,2668000000,0,1,0x,,4243513,21000,9890711,0x,,0.172608523,received,0x8c8d1170edec715723d0884775e78d9b3c35e32e
1230,6090173,1533435501,0xafaca0ee6137748ce481e8d6c4a0ffc7e799d732eb5bbde88aa927e82ea3fa42,10591,0x86dc096044a3fec07eada24670083825631f0132a28ab10e65089ae288979861,84,0xe9063a1fcd386a818f67fadf03333efc0703e698,0x8c8d1170edec715723d0884775e78d9b3c35e32e,165207943000000000,940000,1856000000,0,1,0x,,3965100,21000,9884737,0x,,0.165207943,received,0x8c8d1170edec715723d0884775e78d9b3c35e32e
1231,6096066,1533521581,0x430b86812315ae4b547f5b3f5993a47d8ae5535656bc477d6455a1aad449bac0,11063,0xe4f119fedd2fb51ecf3f27705d462cb475915baaa6d55149373cac3fec985c41,70,0xe9063a1fcd386a818f67fadf03333efc0703e698,0x8c8d1170edec715723d0884775e78d9b3c35e32e,164945206000000000,940000,2320000000,0,1,0x,,3386744,21000,9878844,0x,,0.164945206,received,0x8c8d1170edec715723d0884775e78d9b3c35e32e
1232,6096244,1533524166,0xf3a11d53883655ab1dbb3e64a3ee825f4ae20f7ee38300fea3a804bed9651e20,678,0xd62a973ed839527ef74d091b0c54102e186dad2b401cf72fcca3e9aa89d59180,111,0x8c8d1170edec715723d0884775e78d9b3c35e32e,0x42ba2619d342ad90c71829b3da4a3279ac95e39d,448633000000000000,25200,2200000000,0,1,0x,,5322659,21000,9878666,0x,,0.448633,sent,0x8c8d1170edec715723d0884775e78d9b3c35e32e
1233,6102050,1533608433,0x58d251d5bca48f342c2cab8dbb1d70b92cb09f92635e75d54c41c3953ba70670,11578,0x2e62516084e0303760e999995a82b3acb9d1bde3c8b9c39844b8824b978a6030,27,0xe9063a1fcd386a818f67fadf03333efc0703e698,0x8c8d1170edec715723d0884775e78d9b3c35e32e,169127407000000000,940000,8120000000,0,1,0x,,1105570,21000,9872860,0x,,0.169127407,received,0x8c8d1170edec715723d0884775e78d9b3c35e32e
1234,6109395,1533716130,0xa371b3df35ec2926b20b1ee0c240de624a379296ac57dc34d007e856f6a94e88,12093,0x3f2cfe2d14d0418d581c4b38d70f035c4c328695fd7a4934a358d88ffb43a582,75,0xe9063a1fcd386a818f67fadf03333efc0703e698,0x8c8d1170edec715723d0884775e78d9b3c35e32e,173117346000000000,940000,63600000000,0,1,0x,,2513451,21000,9865515,0x,,0.173117346,received,0x8c8d1170edec715723d0884775e78d9b3c35e32e
1235,6114219,1533786191,0x7728fc5db6ffed5b74e8078739af13e743c8adf60729445de8267cdc33ea9dc3,12438,0xf401877c8f84454ebc76ffe03e94038be40e8b821ffbbb01b107c69f43e9e37d,134,0xe9063a1fcd386a818f67fadf03333efc0703e698,0x8c8d1170edec715723d0884775e78d9b3c35e32e,186910323000000000,940000,55000000000,0,1,0x,,6585859,21000,9860691,0x,,0.186910323,received,0x8c8d1170edec715723d0884775e78d9b3c35e32e
1236,6119885,1533868736,0x7462f56d99183b5323a16d26af79166e5a81a853178e2735c7423f6a35f5bfcd,13246,0xd04f630f0083bca462b24b293b4bbf4bffba933f77d8dc61c111c66f6ac05da3,30,0xe9063a1fcd386a818f67fadf03333efc0703e698,0x8c8d1170edec715723d0884775e78d9b3c35e32e,186511767000000000,940000,49000000000,0,1,0x,,5190330,21000,9855025,0x,,0.186511767,received,0x8c8d1170edec715723d0884775e78d9b3c35e32e
1237,6125761,1533954198,0x5fc88781271e5f1ed374ad999ab6ad969dd8f8493f9b5bb9b52792e088c8b97b,13718,0xc55e5adf2fe3e50b0e4b5de4cb0de35c3690af93711d01a3b9b12feadbfd2749,59,0xe9063a1fcd386a818f67fadf03333efc0703e698,0x8c8d1170edec715723d0884775e78d9b3c35e32e,177830760000000000,940000,6000000000,0,1,0x,,2847166,21000,9849149,0x,,0.17783076,received,0x8c8d1170edec715723d0884775e78d9b3c35e32e
1238,6131644,1534040022,0x73fe841478620fc58771c94740bf7d3e3e1425f6b0c2eb39b80edc0846c7c120,14139,0x8fa8a1a799a47d3bf732cd29aa6f5ff8671abc96e6971b30154500f571799397,15,0xe9063a1fcd386a818f67fadf03333efc0703e698,0x8c8d1170edec715723d0884775e78d9b3c35e32e,145500480000000000,940000,3000000000,0,1,0x,,842614,21000,9843266,0x,,0.14550048,received,0x8c8d1170edec715723d0884775e78d9b3c35e32e
1239,6137227,1534122562,0xdc21b5fc00e2efe22e4bf3d6f9d955a0559030f4fc58d075b08965b8e2c50412,679,0x4bbba38c3f44e0af89dbca0274d036118b671a95cc871c0c6c9de87df66f0baa,130,0x8c8d1170edec715723d0884775e78d9b3c35e32e,0x42ba2619d342ad90c71829b3da4a3279ac95e39d,346300000000000000,25200,3000000000,0,1,0x,,6049722,21000,9837683,0x,,0.3463,sent,0x8c8d1170edec715723d0884775e78d9b3c35e32e
1240,6137621,1534128165,0xf0b48f1cf13c2ff7ba2cbf91c877896c19681409c4e90cc6e398cbecb11d126b,14622,0x3ed8e46a2a34908e10e9f42e334d48c9194c6805be640d6645ed9fa03805b0a1,112,0xe9063a1fcd386a818f67fadf03333efc0703e698,0x8c8d1170edec715723d0884775e78d9b3c35e32e,174187082000000000,940000,3000000000,0,1,0x,,4198237,21000,9837289,0x,,0.174187082,received,0x8c8d1170edec715723d0884775e78d9b3c35e32e
1241,6143374,1534213115,0xfc5aae6511dc05787bd9449550c2e68d1bec34cda5ffde2654923a67b92dec0a,15354,0xb877364e7e55a819fae12b40e5216ba42ba62efd1656ec25001f98905bad9fcd,173,0xe9063a1fcd386a818f67fadf03333efc0703e698,0x8c8d1170edec715723d0884775e78d9b3c35e32e,174792951000000000,940000,11000000000,0,1,0x,,5665733,21000,9831536,0x,,0.174792951,received,0x8c8d1170edec715723d0884775e78d9b3c35e32e
1242,6149318,1534299340,0x9b44f348198b747a6bdbd14594b6696501f74ff70ab897b1fb9a1ef36416728b,15839,0x9664ad9e3a7244ab3a77ff7f5fc1e84b4c0e77f04a793616b87ab23941d55587,66,0xe9063a1fcd386a818f67fadf03333efc0703e698,0x8c8d1170edec715723d0884775e78d9b3c35e32e,172661016000000000,940000,5000000000,0,1,0x,,4466452,21000,9825592,0x,,0.172661016,received,0x8c8d1170edec715723d0884775e78d9b3c35e32e
1243,6155237,1534385754,0xbf308f30cd8de885908d1523390e6baa1e84409dbff130ee9bbe66f144b943f3,16352,0xf0f9e567254be04b081d2b613321ed35add263069d8f949016a4dfcafd9bc8e4,102,0xe9063a1fcd386a818f67fadf03333efc0703e698,0x8c8d1170edec715723d0884775e78d9b3c35e32e,174886406000000000,940000,4000000000,0,1,0x,,4305890,21000,9819673,0x,,0.174886406,received,0x8c8d1170edec715723d0884775e78d9b3c35e32e
1244,6161211,1534472008,0xdb4b7cc9312605da759b88f66d08be512dde116166bbfaafd25d0c0e44d638a1,16878,0x338cd9553c7de271a12765d6b6992f72fef2a9e69106b7125d8698047eaade1d,23,0xe9063a1fcd386a818f67fadf03333efc0703e698,0x8c8d1170edec715723d0884775e78d9b3c35e32e,173643112000000000,940000,88000000000,0,1,0x,,504051,21000,9813699,0x,,0.173643112,received,0x8c8d1170edec715723d0884775e78d9b3c35e32e
1245,6167042,1534558565,0x0f818f7cd2143c3f04dee774964ed2688ac1213f23ba205e4a461d95d2930da2,17387,0x52724e68c5a0e13ffa05f975aa35a67253211ef6dbc74ba92b5bfb4818dbe403,37,0xe9063a1fcd386a818f67fadf03333efc0703e698,0x8c8d1170edec715723d0884775e78d9b3c35e32e,184229066000000000,940000,4000000000,0,1,0x,,1207632,21000,9807868,0x,,0.184229066,received,0x8c8d1170edec715723d0884775e78d9b3c35e32e
1246,6168441,1534579319,0xfebb1d921a65cb9dc60a3eda18065030a75f851d4d9110ed783fb774577325b5,680,0x6f10946e6910c5fe6394c319a51501d112e63b180f928650b6cac06072da3dd3,129,0x8c8d1170edec715723d0884775e78d9b3c35e32e,0x569dfbc4a2efd97b6bcc9b46454b6a4a742d85de,3300000000000000000,25200,4950000000,0,1,0x,,6654990,21000,9806469,0x,,3.3,sent,0x8c8d1170edec715723d0884775e78d9b3c35e32e
1247,6172947,1534645146,0xb087a387c2feaecf310e1be985ad546d39988a428e98f08ad04394fbe57b41d1,17885,0xdc68366109b655c48c140e6a9a290965fadbbe0526e5f613c0c166f1614ac484,169,0xe9063a1fcd386a818f67fadf03333efc0703e698,0x8c8d1170edec715723d0884775e78d9b3c35e32e,175940273000000000,940000,2000000000,0,1,0x,,5767879,21000,9801963,0x,,0.175940273,received,0x8c8d1170edec715723d0884775e78d9b3c35e32e
1248,6178838,1534730731,0x4892f15be83d823900207cbdc68026ceda448d94f1e0de52418d300876db96c6,681,0xcdb24f478f7f6f8d8d0945c29f91b00f988e5daef611f0009f2cc7cccba88085,33,0x8c8d1170edec715723d0884775e78d9b3c35e32e,0x42ba2619d342ad90c71829b3da4a3279ac95e39d,410100000000000000,25200,2100000000,0,1,0x,,7514926,21000,9796072,0x,,0.4101,sent,0x8c8d1170edec715723d0884775e78d9b3c35e32e
1249,6178882,1534731411,0x67e4437a36b061463f3c5565f0a489bf6134d59a9393d0860891c2476cb335d3,18387,0x05dc54995251dd766b368992d34fb59056504f4aa09fa41837a563f66de39c2d,75,0xe9063a1fcd386a818f67fadf03333efc0703e698,0x8c8d1170edec715723d0884775e78d9b3c35e32e,168221936000000000,940000,2000000000,0,1,0x,,3900648,21000,9796028,0x,,0.168221936,received,0x8c8d1170edec715723d0884775e78d9b3c35e32e
1250,6184805,1534817838,0x825f4b750ceee558da05805770c2c18becd4b83fed614f6aa8556fc7e26fdc0f,18870,0xdfe1dae4bfc0f56b1226c9e193a93e7d013e0eb4fc7d3809327a96a88c8ac4f7,152,0xe9063a1fcd386a818f67fadf03333efc0703e698,0x8c8d1170edec715723d0884775e78d9b3c35e32e,160229129000000000,940000,2000000000,0,1,0x,,6346310,21000,9790105,0x,,0.160229129,received,0x8c8d1170edec715723d0884775e78d9b3c35e32e
1251,6190760,1534904023,0x38fd8c07fadcbfebff9d54bece3a34901fce3e3bfef123a8dfbfb8e5a7cc025c,19384,0x4f7e4362494acaf416c0451aae4a1d0562f60018bba848782100c2af74811a05,81,0xe9063a1fcd386a818f67fadf03333efc0703e698,0x8c8d1170edec715723d0884775e78d9b3c35e32e,144537445000000000,940000,3000000000,0,1,0x,,4466841,21000,9784150,0x,,0.144537445,received,0x8c8d1170edec715723d0884775e78d9b3c35e32e
1252,6196706,1534990423,0x635198944ad7da70818cadca959b94966b83fee0d8226de88155f0d6a20dfc02,19867,0x1aa01ae74f1d46b651efbabea51c7282d10f2f71ae2e46a5049de4ef496fae37,95,0xe9063a1fcd386a818f67fadf03333efc0703e698,0x8c8d1170edec715723d0884775e78d9b3c35e32e,156127417000000000,940000,3000000000,0,1,0x,,6073465,21000,9778204,0x,,0.156127417,received,0x8c8d1170edec715723d0884775e78d9b3c35e32e
1253,6202530,1535076936,0xde6340bbb4161e706b7cc742b509225e545bfdd470cd46374b9b24375381cdd5,20320,0x347a77ea8a60dc4ae364e5ae2a30cd53e13274a3c897ee9e23c58500961f91bf,82,0xe9063a1fcd386a818f67fadf03333efc0703e698,0x8c8d1170edec715723d0884775e78d9b3c35e32e,163422202000000000,940000,4000000000,0,1,0x,,6549054,21000,9772380,0x,,0.163422202,received,0x8c8d1170edec715723d0884775e78d9b3c35e32e
1254,6208495,1535163337,0x7d3859f16e445f9741be047308fbae0a33e53ae2355973f5d13b52a442fc0bce,20819,0xb8a0ee7ae434f2557e456a93227dc0911596d1e281608d4c32aa81971391df9f,21,0xe9063a1fcd386a818f67fadf03333efc0703e698,0x8c8d1170edec715723d0884775e78d9b3c35e32e,166979666000000000,940000,3000000000,0,1,0x,,845699,21000,9766415,0x,,0.166979666,received,0x8c8d1170edec715723d0884775e78d9b3c35e32e
1255,6214409,1535249955,0xe7ee27406533c67ec0e6b860e8ea8c9837d796013d616e6d35b425f01f7a04cd,21320,0xaa637b6af7dcf1fb1b2a3d9486f2a494e7be9269465fd4cef94e34452e919e5e,11,0xe9063a1fcd386a818f67fadf03333efc0703e698,0x8c8d1170edec715723d0884775e78d9b3c35e32e,160340025000000000,940000,2000000000,0,1,0x,,480743,21000,9760501,0x,,0.160340025,received,0x8c8d1170edec715723d0884775e78d9b3c35e32e
1256,6225791,1535415134,0x1327bd8c8a9e35bf5a5e58384a335ae3a0431956e8b04ec05c155c0f5e8ecfad,682,0x1e8b1bd6e70c7a43a613a4f6649dc06d6cb512a65ced170522d83f8accecab32,30,0x8c8d1170edec715723d0884775e78d9b3c35e32e,0x42ba2619d342ad90c71829b3da4a3279ac95e39d,373233000000000000,25200,3000000000,0,1,0x,,1950756,21000,9749119,0x,,0.373233,sent,0x8c8d1170edec715723d0884775e78d9b3c35e32e
1257,6232363,1535511565,0x02e23e2a165715ec8b08e14efaa65ac93a26d59f8e3869ecaef52cea9f2f1621,22682,0x61ff485e52b3fe02f57befa6199e33d4c0b09de82b8ee8fb95b0bdc641c88290,202,0xe9063a1fcd386a818f67fadf03333efc0703e698,0x8c8d1170edec715723d0884775e78d9b3c35e32e,200245108000000000,940000,4000000000,0,1,0x,,6922966,21000,9742547,0x,,0.200245108,received,0x8c8d1170edec715723d0884775e78d9b3c35e32e
1258,6238101,1535595134,0xdbb622731bbf86aceeffa64d7130dfba9b05ace62accb41d52596709b9988693,23142,0xa1b8d8a80461e7e530439fe8b5db24b612e5e5fc86b7ec71b451a9cb795250aa,134,0xe9063a1fcd386a818f67fadf03333efc0703e698,0x8c8d1170edec715723d0884775e78d9b3c35e32e,172738084000000000,940000,5000000000,0,1,0x,,5376031,21000,9736809,0x,,0.172738084,received,0x8c8d1170edec715723d0884775e78d9b3c35e32e
1259,6244028,1535681572,0xd7d42cb65a3b6643c592507896e0245d6beefbbbbb3cafed3956b3e9305f5680,23599,0x5242166d476291705af77448fb0632fc6da240e3569a19e3d7e3a18d17f6fefb,153,0xe9063a1fcd386a818f67fadf03333efc0703e698,0x8c8d1170edec715723d0884775e78d9b3c35e32e,167208135000000000,940000,4000000000,0,1,0x,,6486183,21000,9730882,0x,,0.167208135,received,0x8c8d1170edec715723d0884775e78d9b3c35e32e
1260,6249990,1535768072,0xea9451f7cf9ed4b26ba443a4459f93340dd56743950cd7cbf1b2b870d094abcc,24085,0x0e5ae66e68a84d246d713fb5952e283643a425f39069fe222af3ab22813a089d,59,0xe9063a1fcd386a818f67fadf03333efc0703e698,0x8c8d1170edec715723d0884775e78d9b3c35e32e,166832273000000000,940000,4000000000,0,1,0x,,3127954,21000,9724920,0x,,0.166832273,received,0x8c8d1170edec715723d0884775e78d9b3c35e32e
1261,6256362,1535862577,0xfd31e29257793214eb63588d15591e427dfea09adeea06aed8ca5c1620fedefb,24524,0x91ac54512bfc32a5c200472b2a50ff4e50f8e861d83dfed986fc873b8e4184d3,75,0xe9063a1fcd386a818f67fadf03333efc0703e698,0x8c8d1170edec715723d0884775e78d9b3c35e32e,172179598000000000,940000,3000000000,0,1,0x,,5953126,21000,9718548,0x,,0.172179598,received,0x8c8d1170edec715723d0884775e78d9b3c35e32e
1262,6261443,1535934829,0x6b24035b36c63fe5687c9b413fd954cb3300fa10dda2121ff781eaa52efe8265,683,0x35189a044f5c4c4c5be5057813d829ed4a4eafe7175fd79d7385150cde21ab01,85,0x8c8d1170edec715723d0884775e78d9b3c35e32e,0x42ba2619d342ad90c71829b3da4a3279ac95e39d,293033000000000000,25200,4000000000,0,1,0x,,4675376,21000,9713467,0x,,0.293033,sent,0x8c8d1170edec715723d0884775e78d9b3c35e32e
1263,6261841,1535940719,0x14bd935875c07380b974c3bf62f1d5c7ab003877050e277366c2f2df5e832d2f,24991,0x5c55bab5290480a59f9e764d8ccc9010b9e1576e8e7ad53b520169ce890cba84,66,0xe9063a1fcd386a818f67fadf03333efc0703e698,0x8c8d1170edec715723d0884775e78d9b3c35e32e,173920444000000000,940000,4000000000,0,1,0x,,4855866,21000,9713069,0x,,0.173920444,received,0x8c8d1170edec715723d0884775e78d9b3c35e32e
1264,6267767,1536027395,0xee3dec75d9cbc7e4158320ee19e95c57df989b1c184a3a16d397ff7edbbca168,25458,0x4c139aa2ac0924d688b95b9783050f4829163cacd0821907d827a77bbe3e3201,115,0xe9063a1fcd386a818f67fadf03333efc0703e698,0x8c8d1170edec715723d0884775e78d9b3c35e32e,171616126000000000,940000,3000000000,0,1,0x,,6225369,21000,9707143,0x,,0.171616126,received,0x8c8d1170edec715723d0884775e78d9b3c35e32e
1265,6273725,1536113574,0xdd410ed66e62d7a5a9668f93ff1f0533d59312db62669961f7cff88a94c5586f,25900,0x82da1371b09eacd2537d596a3284663016e3209ab50019724f5dc182f45c09f5,40,0xe9063a1fcd386a818f67fadf03333efc0703e698,0x8c8d1170edec715723d0884775e78d9b3c35e32e,167747212000000000,940000,4000000000,0,1,0x,,1901635,21000,9701185,0x,,0.167747212,received,0x8c8d1170edec715723d0884775e78d9b3c35e32e
1266,6276949,1536160502,0x1b26227f48cae3083278ffe3c34aadf795eb8f52e0e924f4c097ee4a8bc759f0,684,0x665ee52e28a381b022f638c77a12a06316813686411236a68a1db1c53a1074ac,73,0x8c8d1170edec715723d0884775e78d9b3c35e32e,0x4b04633ee658d83a24a91e3a1b244221800d89b4,0,60000,5800000000,0,1,0xa9059cbb000000000000000000000000bc34e1b1cb131b4159c7f0a5536eea83fadf2182000000000000000000000000000000000000000000002e99cd40705c79480000,,2564400,37402,9697961,0xa9059cbb,"transfer(address _to, uint256 _value)",0,sent,0x8c8d1170edec715723d0884775e78d9b3c35e32e
1267,6279108,1536191870,0xa89e72050735a433cf213ab1c425be20997281388e831cf7358faff3b82b8d33,685,0x4e498e146d7728c6294711bf98d6bce47917d51357b291016c46a4eba391a5ce,57,0x8c8d1170edec715723d0884775e78d9b3c35e32e,0x569dfbc4a2efd97b6bcc9b46454b6a4a742d85de,2270000000000000000,25200,5000000000,0,1,0x,,3807285,21000,9695802,0x,,2.27,sent,0x8c8d1170edec715723d0884775e78d9b3c35e32e
1268,6279702,1536200284,0x9546a28fea63a35305278405522cfb82c6e715630d4ef590a5d017a2a2bb5b57,26363,0xf424046e52fafd11cccf3ab03bd5eaeb8b1d4af4b4aeacfdd701f8476a8fa077,63,0xe9063a1fcd386a818f67fadf03333efc0703e698,0x8c8d1170edec715723d0884775e78d9b3c35e32e,166678288000000000,940000,7000000000,0,1,0x,,2751128,21000,9695208,0x,,0.166678288,received,0x8c8d1170edec715723d0884775e78d9b3c35e32e
1269,6285691,1536286355,0xb52a96fc34f83d0d9bf1d21a6af01620860fbcfc9ef35168d13fec6306372498,26813,0xcea375fd6c487c6a769608ba54a5af9d2c8dbc65f9b2aaa990f3a58002890add,105,0xe9063a1fcd386a818f67fadf03333efc0703e698,0x8c8d1170edec715723d0884775e78d9b3c35e32e,170136778000000000,940000,11000000000,0,1,0x,,4834902,21000,9689219,0x,,0.170136778,received,0x8c8d1170edec715723d0884775e78d9b3c35e32e
1270,6291651,1536372948,0x91f0cff5cd8db092ed27b7878380b92ffc6828f804f75636f415e37b33f490f2,27234,0x00a37cfb2016e7d4e8eac2b26284f1376c557b01e737de9e8fc560a135437d24,93,0xe9063a1fcd386a818f67fadf03333efc0703e698,0x8c8d1170edec715723d0884775e78d9b3c35e32e,176089005000000000,940000,4000000000,0,1,0x,,6634130,21000,9683259,0x,,0.176089005,received,0x8c8d1170edec715723d0884775e78d9b3c35e32e
1271,6297581,1536459704,0x1f6454c1b122d7af0a2c94e0f6562ce411e6356972651e9240f4bddfbee81482,27668,0xafa0791660dcd2ec73390ec18e5553509fc5d6955fe2d0c3f34df7823eaa14b7,72,0xe9063a1fcd386a818f67fadf03333efc0703e698,0x8c8d1170edec715723d0884775e78d9b3c35e32e,174690789000000000,940000,4000000000,0,1,0x,,2096157,21000,9677329,0x,,0.174690789,received,0x8c8d1170edec715723d0884775e78d9b3c35e32e
1272,6303457,1536545521,0x5ced1fd87570902ea2d204a571b98f494986188623d132ff7105921604d6e955,28119,0xbd164b3a2c7af0660e5915cbf8dfdfe1aa2a80d2a34827549fe2e59ae16ed527,1,0xe9063a1fcd386a818f67fadf03333efc0703e698,0x8c8d1170edec715723d0884775e78d9b3c35e32e,187302013000000000,940000,5000000000,0,1,0x,,43329,21000,9671453,0x,,0.187302013,received,0x8c8d1170edec715723d0884775e78d9b3c35e32e
1273,6305040,1536569051,0x094106f41ef9f7a51630c1a35df0d6e4795e0421c574a003d0510b4783774f63,686,0x110e743328d82b96af3f79b4dde0f1e33615e6dff919f649b0ae6b2ab88825e0,142,0x8c8d1170edec715723d0884775e78d9b3c35e32e,0x42ba2619d342ad90c71829b3da4a3279ac95e39d,462700000000000000,25200,5850000000,0,1,0x,,6440941,21000,9669870,0x,,0.4627,sent,0x8c8d1170edec715723d0884775e78d9b3c35e32e
1274,6309475,1536631966,0x2829ac272f614bb2ff66943547d6ca1b6f019c3e83b7ceae557e414fd6c55da7,28549,0x2945f50694adc74476b227b2d26d23ac545ca1f9e9b1255c1ec18e427d521068,63,0xe9063a1fcd386a818f67fadf03333efc0703e698,0x8c8d1170edec715723d0884775e78d9b3c35e32e,185686528000000000,940000,6000000000,0,1,0x,,2340495,21000,9665435,0x,,0.185686528,received,0x8c8d1170edec715723d0884775e78d9b3c35e32e
1275,6315502,1536718528,0x7542f46e011b1963b5f6fb033616f304cb302e24cd3ed3b6bf329beabfd0c152,28981,0x773c61e4705956501ed8fe5ee96b19f0fe890d5eaae7551a9fb5d22505d02286,79,0xe9063a1fcd386a818f67fadf03333efc0703e698,0x8c8d1170edec715723d0884775e78d9b3c35e32e,186289168000000000,940000,7000000000,0,1,0x,,2809353,21000,9659408,0x,,0.186289168,received,0x8c8d1170edec715723d0884775e78d9b3c35e32e
1276,6321497,1536804708,0x4dd41fb73cbcc4edeb1af885921b6e43a36365534af9ce8c2f834a48806966e2,29400,0xd4a07cb90329f0a6334acd6e405ad05acdd006a68a6643229ae6fb420dadbacf,64,0xe9063a1fcd386a818f67fadf03333efc0703e698,0x8c8d1170edec715723d0884775e78d9b3c35e32e,192090365000000000,940000,6000000000,0,1,0x,,2810423,21000,9653413,0x,,0.192090365,received,0x8c8d1170edec715723d0884775e78d9b3c35e32e
1277,6327540,1536891183,0x3f54a42fa8a303efdf646291569a7230cb96a4e6cd312539a25efa4716a8bfab,29838,0xb98aa60e5ba8f6d211c37fa80dab45dd2321a11f4239526c9051a858d7b220e0,79,0xe9063a1fcd386a818f67fadf03333efc0703e698,0x8c8d1170edec715723d0884775e78d9b3c35e32e,197577270000000000,940000,6000000000,0,1,0x,,2375801,21000,9647370,0x,,0.19757727,received,0x8c8d1170edec715723d0884775e78d9b3c35e32e
1278,6333596,1536977828,0x2da5d47115d9ca6faa4c90681c60d4dab283d95d2693c9b672b810166f9c9d0c,30421,0x5bb5a05d75e84754d6500ae0081c328dee57276e6b7b9ce659668708ec695b0f,113,0xe9063a1fcd386a818f67fadf03333efc0703e698,0x8c8d1170edec715723d0884775e78d9b3c35e32e,191376392000000000,940000,6000000000,0,1,0x,,3744455,21000,9641314,0x,,0.191376392,received,0x8c8d1170edec715723d0884775e78d9b3c35e32e
1279,6339709,1537064737,0x586a6e9c81028063fee55f007c35565b00fa1cc00dcc85da876cfa31478c7c07,30885,0x391d794438979d86448e17325c5f1028a803e54f00944c390706107b37dcc519,89,0xe9063a1fcd386a818f67fadf03333efc0703e698,0x8c8d1170edec715723d0884775e78d9b3c35e32e,189175069000000000,940000,5000000000,0,1,0x,,4634294,21000,9635201,0x,,0.189175069,received,0x8c8d1170edec715723d0884775e78d9b3c35e32e
1280,6345541,1537147403,0x163c25de81e89623b88ca7ef90e592bde7098a162a95efa45f41f6efa56d7a67,687,0xd2125bd4a2d2e6282e57ff5abcf725573a718c0d5e9278df342927fa2f719c41,130,0x8c8d1170edec715723d0884775e78d9b3c35e32e,0x42ba2619d342ad90c71829b3da4a3279ac95e39d,380700000000000000,25200,5000000000,0,1,0x,,7447170,21000,9629369,0x,,0.3807,sent,0x8c8d1170edec715723d0884775e78d9b3c35e32e
1281,6345767,1537150497,0xd9e296e482f77609a3639e21e2134f50b757949ae1e72738230df2f4988c4c20,31178,0xb533575979276342ed3be2b2d8146f8aeb106e132610b49a88d77c67e4a26974,53,0xe9063a1fcd386a818f67fadf03333efc0703e698,0x8c8d1170edec715723d0884775e78d9b3c35e32e,191110859000000000,940000,5000000000,0,1,0x,,2253831,21000,9629143,0x,,0.191110859,received,0x8c8d1170edec715723d0884775e78d9b3c35e32e
1282,6351888,1537237221,0xe0d5efba9b834887d92b36be3e79b6ce006a41afddc1b10b6e44bbccea955c7c,31631,0xf20397f570232e071bb7ff72320b8907d23ff2461611e71d3ad2499736341f0b,68,0xe9063a1fcd386a818f67fadf03333efc0703e698,0x8c8d1170edec715723d0884775e78d9b3c35e32e,177530858000000000,940000,6000000000,0,1,0x,,3608188,21000,9623022,0x,,0.177530858,received,0x8c8d1170edec715723d0884775e78d9b3c35e32e
1283,6357836,1537323244,0x2c7d659b373b47fbdb97d45780277184ec65e0b4a6541c28c6332c4b2a15acbf,31957,0x1da8240a3a81321f2aa22545ac04159fc52d7bcf180efb3a52834f487b98fae8,53,0xe9063a1fcd386a818f67fadf03333efc0703e698,0x8c8d1170edec715723d0884775e78d9b3c35e32e,188175803000000000,940000,8000000000,0,1,0x,,2509440,21000,9617074,0x,,0.188175803,received,0x8c8d1170edec715723d0884775e78d9b3c35e32e
1284,6363978,1537410290,0xfb314688abf035aaeb3d5fbd6b5eda9fe6d2fb0bfbe1f824ec9416af06f896ae,32482,0x3ea10be509d67e1ca38420a810e1f21e761e35f5b3b9cbfb17fc8cc6045c08c7,63,0xe9063a1fcd386a818f67fadf03333efc0703e698,0x8c8d1170edec715723d0884775e78d9b3c35e32e,190052786000000000,940000,8000000000,0,1,0x,,5662697,21000,9610932,0x,,0.190052786,received,0x8c8d1170edec715723d0884775e78d9b3c35e32e
1285,6369877,1537495428,0x3fc68f5add86463e74c96bfa32eef926a5a3f4ca87764add7e51cbc70424fac3,32576,0x3038a9fef5efee25a5d7f28ec4c86b5fe5ccac4072407e1826c12b8b1bbefe6c,45,0xe9063a1fcd386a818f67fadf03333efc0703e698,0x8c8d1170edec715723d0884775e78d9b3c35e32e,188386809000000000,940000,12000000000,0,1,0x,,2777648,21000,9605033,0x,,0.188386809,received,0x8c8d1170edec715723d0884775e78d9b3c35e32e
1286,6376049,1537582862,0x6298ecbb7e5485f9cb2f903c0e53788c0514c619f9ef0cb87a459de457fc138b,33374,0xedff1ad3f02f1b7c1bb8ceb3d83a3c821f6526bdc3c96e1e31afd479a63d6571,58,0xe9063a1fcd386a818f67fadf03333efc0703e698,0x8c8d1170edec715723d0884775e78d9b3c35e32e,192017566000000000,940000,9000000000,0,1,0x,,1965132,21000,9598861,0x,,0.192017566,received,0x8c8d1170edec715723d0884775e78d9b3c35e32e
1287,6382047,1537668578,0xa0ad3a1aeaad5a725f94976a6b80dc32fde4fd69abad00300c69b0d2e9a45f4f,33623,0x1eff24152a9955c807a765eaeefe043c1dcaf3ede325609afad976eb552770fd,69,0xe9063a1fcd386a818f67fadf03333efc0703e698,0x8c8d1170edec715723d0884775e78d9b3c35e32e,183934271000000000,940000,6000000000,0,1,0x,,4075059,21000,9592863,0x,,0.183934271,received,0x8c8d1170edec715723d0884775e78d9b3c35e32e
1288,6388156,1537755101,0x7f8c6472942603d2858b3c62365547b592e52b3f80f34b2d82b53e972f80f48b,34026,0x8fbba98e4282b2a15c85f502550c30365bc3cd1f56e063a9dbc80c173453a9a3,107,0xe9063a1fcd386a818f67fadf03333efc0703e698,0x8c8d1170edec715723d0884775e78d9b3c35e32e,185657645000000000,940000,8000000000,0,1,0x,,4408733,21000,9586754,0x,,0.185657645,received,0x8c8d1170edec715723d0884775e78d9b3c35e32e
1289,6393947,1537837628,0x984c867f44cea2d5b8df0f4251f0148b0ce9067fca23751b4aad84489102f215,688,0x4740a753ee155bb552a200a7d0131c0d0b42cd16991d4487afcffd06e9658181,91,0x8c8d1170edec715723d0884775e78d9b3c35e32e,0x42ba2619d342ad90c71829b3da4a3279ac95e39d,498967000000000000,25200,10000000000,0,1,0x,,3609118,21000,9580963,0x,,0.498967,sent,0x8c8d1170edec715723d0884775e78d9b3c35e32e
1290,6394232,1537841658,0x57f96e04599ccee420cb8856077514919e8cd4af5aeb118dae798c6f46c4a8ba,34508,0xa43f68e603153393ee6ee4d1bd38c255d651dd0595e6a6f646c856d30923689a,23,0xe9063a1fcd386a818f67fadf03333efc0703e698,0x8c8d1170edec715723d0884775e78d9b3c35e32e,179582386000000000,940000,11000000000,0,1,0x,,1084569,21000,9580678,0x,,0.179582386,received,0x8c8d1170edec715723d0884775e78d9b3c35e32e
1291,6400345,1537927471,0x89b5aa3c420e4b41104da2e3b0aad561662712f0c8d593f1e64356e857c5f1ca,34747,0x72eec392aa7ffa0c2c80e5efd8f4c89103763ec6413945af7743e8ab0c27b803,80,0xe9063a1fcd386a818f67fadf03333efc0703e698,0x8c8d1170edec715723d0884775e78d9b3c35e32e,186056840000000000,940000,11000000000,0,1,0x,,3583966,21000,9574565,0x,,0.18605684,received,0x8c8d1170edec715723d0884775e78d9b3c35e32e
1292,6406450,1538014067,0x92ee00aa51229f1f4a24cf4a5ec369af04c735a8864c75a2e5efb6b52aee91a5,35247,0x318320731f71f53ec71b85eddf3c31c8ab37ebe7a008441320352e9a6bf1b1a8,35,0xe9063a1fcd386a818f67fadf03333efc0703e698,0x8c8d1170edec715723d0884775e78d9b3c35e32e,181298574000000000,940000,11000000000,0,1,0x,,1820184,21000,9568460,0x,,0.181298574,received,0x8c8d1170edec715723d0884775e78d9b3c35e32e
1293,6412550,1538100894,0x728c5e742e8ce1330aa5f486387484965ceb510ad7e0dc18d379f874143d3091,35829,0x4bdbf384a700ecca0b620bf1887da723b2449cd7222a6325021f6244d82cc0d9,51,0xe9063a1fcd386a818f67fadf03333efc0703e698,0x8c8d1170edec715723d0884775e78d9b3c35e32e,187470972000000000,940000,13000000000,0,1,0x,,3168493,21000,9562360,0x,,0.187470972,received,0x8c8d1170edec715723d0884775e78d9b3c35e32e
1294,6418577,1538186886,0x4e161ff2cda6a566acce046e8f3d2629a6be53a9938a401e02d857b4b48067db,36112,0xd09e5351cf3ad8156cc03f24316d4ad2327579f89329ef9c4e35b86368d085d1,59,0xe9063a1fcd386a818f67fadf03333efc0703e698,0x8c8d1170edec715723d0884775e78d9b3c35e32e,185255139000000000,940000,16000000000,0,1,0x,,6085123,21000,9556333,0x,,0.185255139,received,0x8c8d1170edec715723d0884775e78d9b3c35e32e
1295,6425240,1538280178,0x775455264619c18b1d3cc7ad6c063a9c15213e9e0976f822f0db8d6fcfd6a00f,36658,0x49c3d9fe84f1ce5cc78c85f8518faa2cf7ddaea15ac465d72ac9d6fe122a43dc,65,0xe9063a1fcd386a818f67fadf03333efc0703e698,0x8c8d1170edec715723d0884775e78d9b3c35e32e,186892971000000000,940000,10000000000,0,1,0x,,3298672,21000,9549670,0x,,0.186892971,received,0x8c8d1170edec715723d0884775e78d9b3c35e32e
1296,6431345,1538367510,0x9fb85ff061f659f242eb5faab8d4201bd5214e680926ce0c530a442cc7c27bd3,37051,0x3834e34a4da7a69975175bf566a7e17c5b9516a90f67ad8b24cb6f529d5272fd,20,0xe9063a1fcd386a818f67fadf03333efc0703e698,0x8c8d1170edec715723d0884775e78d9b3c35e32e,188552641000000000,940000,11000000000,0,1,0x,,6777228,21000,9543565,0x,,0.188552641,received,0x8c8d1170edec715723d0884775e78d9b3c35e32e
1297,6436932,1538446551,0x7de6d3b7cd36d57930c2a240a0bb2d6bd71525d17861a39d73aec1b9da4b47e3,37466,0x745827bcdfc16bacb945bb873e449a9d6d3e3b826247781bbfb106cd7c5c8fd6,49,0xe9063a1fcd386a818f67fadf03333efc0703e698,0x8c8d1170edec715723d0884775e78d9b3c35e32e,189372101000000000,940000,20000000000,0,1,0x,,1560910,21000,9537978,0x,,0.189372101,received,0x8c8d1170edec715723d0884775e78d9b3c35e32e
1298,6443110,1538533034,0x83e5ce6e4cebc9a825f2ebf3e6b36efc41f003a1a3db47b6ef2c53bd423bbb74,37893,0x7c4522709f6fd070cb4ffa8030c8b9fb62da6d156bdbd39b5f4f06f9bc6cb8f4,108,0xe9063a1fcd386a818f67fadf03333efc0703e698,0x8c8d1170edec715723d0884775e78d9b3c35e32e,191082654000000000,940000,8000000000,0,1,0x,,4290322,21000,9531800,0x,,0.191082654,received,0x8c8d1170edec715723d0884775e78d9b3c35e32e
1299,6449192,1538619384,0xe44a4a5c4d52395bed208ba8969afd4b371c5798d4ad283bd42f91148de5bfee,38314,0x4f4d69f9dee7ef610c9eabe4cc132ed246b0d62e4eecebd6d389b38d99c56170,170,0xe9063a1fcd386a818f67fadf03333efc0703e698,0x8c8d1170edec715723d0884775e78d9b3c35e32e,189462610000000000,940000,7000000000,0,1,0x,,4597509,21000,9525718,0x,,0.18946261,received,0x8c8d1170edec715723d0884775e78d9b3c35e32e
1300,6455363,1538705830,0x7a49cafa0fd84f2782c3ec2aff805941e98e18a3456e6476c8379072d1344600,38716,0x2598871dd2dd58c5e975eee9c3e1028e09a6080b8b8e5741378b9610dce4269e,117,0xe9063a1fcd386a818f67fadf03333efc0703e698,0x8c8d1170edec715723d0884775e78d9b3c35e32e,186874803000000000,940000,8000000000,0,1,0x,,5201659,21000,9519547,0x,,0.186874803,received,0x8c8d1170edec715723d0884775e78d9b3c35e32e
1301,6461122,1538787600,0x22088b9cc93923040452d4efdee7ded6d23e14cf0d66f32bb0173da19237bc77,689,0x5e8320814aaf7edfbeea0af214d15aed2b7f71dae409e4b44bf653888ed3dc87,43,0x8c8d1170edec715723d0884775e78d9b3c35e32e,0x42ba2619d342ad90c71829b3da4a3279ac95e39d,684033000000000000,25200,4000000000,0,1,0x,,1783314,21000,9513788,0x,,0.684033,sent,0x8c8d1170edec715723d0884775e78d9b3c35e32e
1302,6461440,1538791766,0xab09f1c8c609e8307fb96ff96778feb815b0b0059adc16fc5fe8e0a5910b3325,39120,0x0ed0486fc3e79521c7286608d4a217bc7ccfc8b38385475ac10d556e9512bdbb,23,0xe9063a1fcd386a818f67fadf03333efc0703e698,0x8c8d1170edec715723d0884775e78d9b3c35e32e,186101918000000000,940000,3000000000,0,1,0x,,6144398,21000,9513470,0x,,0.186101918,received,0x8c8d1170edec715723d0884775e78d9b3c35e32e
1303,6467696,1538878674,0xa43f9fea51ddc7819f6a6cc8fffcf0e62cc4f074b3e8f04ab7082ce8ab6825cd,39554,0x20e1f40f02ba058c07dac37447d00cbc7c50c1ca13776b16a9ac131114d070fa,101,0xe9063a1fcd386a818f67fadf03333efc0703e698,0x8c8d1170edec715723d0884775e78d9b3c35e32e,185686126000000000,940000,2000000000,0,1,0x,,4830728,21000,9507214,0x,,0.185686126,received,0x8c8d1170edec715723d0884775e78d9b3c35e32e
1304,6473922,1538965052,0x74e17ea13dd4ee5e3e55f2d03659c0173fa79374a637a31302b484221ba34ef7,39960,0x2e57411170d81a4c323c21259e02bb86d691d11f8558268967b148d705ddab3b,253,0xe9063a1fcd386a818f67fadf03333efc0703e698,0x8c8d1170edec715723d0884775e78d9b3c35e32e,180475445000000000,940000,9000000000,0,1,0x,,6030655,21000,9500988,0x,,0.180475445,received,0x8c8d1170edec715723d0884775e78d9b3c35e32e
1305,6480170,1539051903,0x93914dc278c4829e32ae2951e612de8faf2d0e0de1a6435f22543143285f44a9,40473,0x832803d25b51c3d5dc7dd8bc9623b1f2b1e067e4a2e8d476ae602e985f7c1acc,41,0xe9063a1fcd386a818f67fadf03333efc0703e698,0x8c8d1170edec715723d0884775e78d9b3c35e32e,183609621000000000,940000,4000000000,0,1,0x,,1654653,21000,9494740,0x,,0.183609621,received,0x8c8d1170edec715723d0884775e78d9b3c35e32e
1306,6486228,1539137593,0xb1e7120ab0a465dd8a8eb7636be458d7dd3c7ae78a562342231614f77ce0ace5,40757,0xbdd338506a65b363bf429d27e9dda266a82c2bd4fc99b8b593935cb189bd7883,139,0xe9063a1fcd386a818f67fadf03333efc0703e698,0x8c8d1170edec715723d0884775e78d9b3c35e32e,180782822000000000,940000,7000000000,0,1,0x,,5528547,21000,9488682,0x,,0.180782822,received,0x8c8d1170edec715723d0884775e78d9b3c35e32e
1307,6492417,1539224128,0xace12dfea1c6a3793725bbb8e0b1a176b88dd30bdeffd0bff459a6e7cb190a9e,41141,0xef2365534af53ce4dfe4ed5bca7a45f56cd5ffdee9d94f8a363a4fe241c18dd8,142,0xe9063a1fcd386a818f67fadf03333efc0703e698,0x8c8d1170edec715723d0884775e78d9b3c35e32e,179929727000000000,940000,15000000000,0,1,0x,,5928720,21000,9482493,0x,,0.179929727,received,0x8c8d1170edec715723d0884775e78d9b3c35e32e
1308,6498621,1539311188,0x9e76b0ab03fd2af17ced16f989fb1e0f6198dd799969aaa00bebab797da2985d,41737,0xe1f7293c69a7e69b6e102cf2b1955c99cbde05c5399587ff2785a56def2e4747,15,0xe9063a1fcd386a818f67fadf03333efc0703e698,0x8c8d1170edec715723d0884775e78d9b3c35e32e,183639417000000000,940000,5000000000,0,1,0x,,718426,21000,9476289,0x,,0.183639417,received,0x8c8d1170edec715723d0884775e78d9b3c35e32e
1309,6500037,1539330749,0xe0d53ba4752d795833166ad6ecb81edea7c76c5d0dccedd303739e3db43bad07,690,0x37a28801451412cc916ab5f3a4ab9cd12209c9805ba6aad5e1dd334708218cc0,8,0x8c8d1170edec715723d0884775e78d9b3c35e32e,0x1da022710df5002339274aadee8d58218e9d6ab5,0,100000,50000000000,0,1,0xd5fa2b00edb3ec40e949d03ed54704299eef83eff96b7565dea071777d2bcb21459925bd0000000000000000000000008c8d1170edec715723d0884775e78d9b3c35e32e,,299793,34553,9474873,0xd5fa2b00,"setAddr(bytes32 node, address addr)",0,sent,0x8c8d1170edec715723d0884775e78d9b3c35e32e
1310,6504735,1539397290,0xd2e90537a75f35fd302ef73499d58f0c5f62170d8c2c3d1f720cbe80db94e218,42130,0x7990e58435da9e1d3355b54d200449def40fab91ba776615270e847c634140a1,59,0xe9063a1fcd386a818f67fadf03333efc0703e698,0x8c8d1170edec715723d0884775e78d9b3c35e32e,182432289000000000,940000,5000000000,0,1,0x,,3777089,21000,9470175,0x,,0.182432289,received,0x8c8d1170edec715723d0884775e78d9b3c35e32e
1311,6506209,1539417989,0x014317c56531ffe2bf62127d9c3ac86f3d07b686d00249bd86e7a9d8fc1b4355,691,0x1651a235ba478dc3b0b471308916969e66c29f569eabb74611a96da7991208fd,212,0x8c8d1170edec715723d0884775e78d9b3c35e32e,0x42ba2619d342ad90c71829b3da4a3279ac95e39d,487533000000000000,25200,3000000000,0,1,0x,,7143803,21000,9468701,0x,,0.487533,sent,0x8c8d1170edec715723d0884775e78d9b3c35e32e
1312,6510851,1539482780,0x07f219df35d0c3b7ba4ee80fd8c0741b09b322b20b6ed2c3dda480ee64e5b41b,42198,0x1d4e147c65a01c8fb90688f753b31232f818aac5c3f59a75fc13592055603d2c,65,0xe9063a1fcd386a818f67fadf03333efc0703e698,0x8c8d1170edec715723d0884775e78d9b3c35e32e,163995501000000000,940000,3000000000,0,1,0x,,6374781,21000,9464059,0x,,0.163995501,received,0x8c8d1170edec715723d0884775e78d9b3c35e32e
1313,6517089,1539570193,0xddf430a6b5c1369985415bd2209b74d73a66f8de83026ddeed5036ab7450b5a0,42866,0x373ee6e192c7ec9c2ad16cbf82ce3f36debade009405f66b66a282ef52c5ea86,164,0xe9063a1fcd386a818f67fadf03333efc0703e698,0x8c8d1170edec715723d0884775e78d9b3c35e32e,163763502000000000,940000,5000000000,0,1,0x,,5435821,21000,9457821,0x,,0.163763502,received,0x8c8d1170edec715723d0884775e78d9b3c35e32e
1314,6523239,1539656771,0x9de54312772f630502fa191f79b207f438861bcc7d27c6f5422fad5db6a4e322,43312,0xa5285ec6d06ab56a2dfce4cf8992b75e82b9a4d3352db1f0ff1c6558928496e5,105,0xe9063a1fcd386a818f67fadf03333efc0703e698,0x8c8d1170edec715723d0884775e78d9b3c35e32e,166078028000000000,940000,5000000000,0,1,0x,,5211255,21000,9451671,0x,,0.166078028,received,0x8c8d1170edec715723d0884775e78d9b3c35e32e
1315,6529250,1539742130,0x6f8d11140a7fe44808b3a71260c0fcf549ac3af7dd2df9e51589322bafda8629,43445,0xad46570a823d41304c6cb26379cc0ec8a0287b4ce90087ecc00355affe2aa839,48,0xe9063a1fcd386a818f67fadf03333efc0703e698,0x8c8d1170edec715723d0884775e78d9b3c35e32e,167216654000000000,940000,8000000000,0,1,0x,,1488463,21000,9445660,0x,,0.167216654,received,0x8c8d1170edec715723d0884775e78d9b3c35e32e
1316,6535427,1539828927,0xbcb0937528d52c14046876ce895d5df9e6371a9d9dead183831921e38ca0e599,43990,0xda13a8809439806f07077eca18344bfe27a4ad90544d55273f8cd2319ca11b7a,64,0xe9063a1fcd386a818f67fadf03333efc0703e698,0x8c8d1170edec715723d0884775e78d9b3c35e32e,166507545000000000,940000,3000000000,0,1,0x,,2839495,21000,9439483,0x,,0.166507545,received,0x8c8d1170edec715723d0884775e78d9b3c35e32e
1317,6541587,1539915944,0xa814b5e651033b4ec44cee3212950662da7be23f03282989074c775176e7bad4,44566,0xd5aae940318bc967364d312f087f93a9ecfd29d22d76ff30322ae4ade67efcaa,32,0xe9063a1fcd386a818f67fadf03333efc0703e698,0x8c8d1170edec715723d0884775e78d9b3c35e32e,165238436000000000,940000,8000000000,0,1,0x,,2048408,21000,9433323,0x,,0.165238436,received,0x8c8d1170edec715723d0884775e78d9b3c35e32e
1318,6547619,1540001501,0x7f7bd9cf8d08ad6e9ae0a2eb626708c94c937923857474df2401bb3acbc570ae,44707,0x0084c287d2e04d584911866a09a5b31894b447e74a7adf7beecb7b1ed5aca2a0,61,0xe9063a1fcd386a818f67fadf03333efc0703e698,0x8c8d1170edec715723d0884775e78d9b3c35e32e,182512121000000000,940000,5000000000,0,1,0x,,2939895,21000,9427291,0x,,0.182512121,received,0x8c8d1170edec715723d0884775e78d9b3c35e32e
1319,6549156,1540023550,0x4de7939e33affdac9cfe35c86b90bab062f08c4e1a0e8ad481c57961b21c25ea,692,0xb5bd31531efc1fc0f071e954c78bd1d9dad15e2775122c7c06356d3c55bfb88f,59,0x8c8d1170edec715723d0884775e78d9b3c35e32e,0x42ba2619d342ad90c71829b3da4a3279ac95e39d,391767000000000000,25200,5929000000,0,1,0x,,2773421,21000,9425754,0x,,0.391767,sent,0x8c8d1170edec715723d0884775e78d9b3c35e32e
1320,6553743,1540087676,0x5ad15a42e52301c494a0e23a5f4b5f167e2fc2a1564ce99b928cbee1616f17b7,45073,0x06131dc09b1611c5d75cc516b2c47e09ae565515933603cb70fe6cda319b75e1,3,0xe9063a1fcd386a818f67fadf03333efc0703e698,0x8c8d1170edec715723d0884775e78d9b3c35e32e,224929197000000000,940000,4000000000,0,1,0x,,129752,21000,9421167,0x,,0.224929197,received,0x8c8d1170edec715723d0884775e78d9b3c35e32e
1321,6559954,1540175177,0x87a8462f7d9c8bbffbbee919769f0b1f9b5c24753ed4147799542a23566568cf,45769,0x3a0380d46fa6b03a512bdc3018bb2e48de005d72f0501c734f1f6cfb328811b5,189,0xe9063a1fcd386a818f67fadf03333efc0703e698,0x8c8d1170edec715723d0884775e78d9b3c35e32e,226388853000000000,940000,4000000000,0,1,0x,,6375116,21000,9414956,0x,,0.226388853,received,0x8c8d1170edec715723d0884775e78d9b3c35e32e
1322,6566049,1540261493,0x950304ca0b49849a1afebebe276cd79ba5ba7af4249d2e82549e1893aef571e1,46125,0xb2578d353b210232696600d7363048bd5dab2909b33c610dd4456495985b6244,76,0xe9063a1fcd386a818f67fadf03333efc0703e698,0x8c8d1170edec715723d0884775e78d9b3c35e32e,226305835000000000,940000,4000000000,0,1,0x,,3543849,21000,9408861,0x,,0.226305835,received,0x8c8d1170edec715723d0884775e78d9b3c35e32e
1323,6572070,1540346777,0xa7d67e430f56790bc766478cd893b7a0e86e1d6bb123b5fef6b8ad7c51fcc868,46224,0x3fce7063dddc26bad0aae6d1fa9bb932825b332fbd8e3b74a9836fae2f71f5fb,78,0xe9063a1fcd386a818f67fadf03333efc0703e698,0x8c8d1170edec715723d0884775e78d9b3c35e32e,226723592000000000,940000,5000000000,0,1,0x,,4871381,21000,9402840,0x,,0.226723592,received,0x8c8d1170edec715723d0884775e78d9b3c35e32e
1324,6578271,1540434130,0x80a7d34275eeb456a020c5e0d3f4ca5c701cabc2e127a2cf3f8361c51651764f,46958,0xdd1f5a27c4845125badb6ae1de38e7f8a66d75bc9fa3d519e665e711bfe3fec9,120,0xe9063a1fcd386a818f67fadf03333efc0703e698,0x8c8d1170edec715723d0884775e78d9b3c35e32e,225441684000000000,940000,11000000000,0,1,0x,,4882079,21000,9396639,0x,,0.225441684,received,0x8c8d1170edec715723d0884775e78d9b3c35e32e
1325,6584365,1540519611,0x4e7af981b2609b2d0cd3729266ff264d348d8f5f4e35698d3a51436d90fb857c,47056,0x555d28125a30a32e4b0a9b1fd8d85cde8ee799cd4223f5270d3e3ff070f1aacc,51,0xe9063a1fcd386a818f67fadf03333efc0703e698,0x8c8d1170edec715723d0884775e78d9b3c35e32e,228490879000000000,940000,6000000000,0,1,0x,,2179808,21000,9390545,0x,,0.228490879,received,0x8c8d1170edec715723d0884775e78d9b3c35e32e
1326,6590933,1540612324,0x9fc67345757a3aa078b157b8ec17e6ddb46e095353ca8d7fd2ecd15f5ce64304,47602,0xfc05ccd25c5daa0522713c648917c39287b42562c3adf3e6e4da788a628f75af,88,0xe9063a1fcd386a818f67fadf03333efc0703e698,0x8c8d1170edec715723d0884775e78d9b3c35e32e,230451354000000000,940000,7000000000,0,1,0x,,4817705,21000,9383977,0x,,0.230451354,received,0x8c8d1170edec715723d0884775e78d9b3c35e32e
1327,6591895,1540626111,0xcaaaa7cdd1f5595fce2dd5e5ae9b7f84cc1f54dfe2f4e14578dc10eb3bd82ce9,693,0x7129f18f1ea833434d12fdca4771b27aafb685315e8c01524d2f09ac992e7463,143,0x8c8d1170edec715723d0884775e78d9b3c35e32e,0x42ba2619d342ad90c71829b3da4a3279ac95e39d,529567000000000000,25200,3010000000,0,1,0x,,7492842,21000,9383015,0x,,0.529567,sent,0x8c8d1170edec715723d0884775e78d9b3c35e32e
1328,6596630,1540693344,0x92a67bc9a3c6d525e601f53b5794dd8680a248cea92aeaf6a55b0a6a2d74efaa,48006,0x2367a545d079b3130baddb02c6294616836a61c9397f91b6746e6211de20267c,30,0xe9063a1fcd386a818f67fadf03333efc0703e698,0x8c8d1170edec715723d0884775e78d9b3c35e32e,223614959000000000,940000,4000000000,0,1,0x,,1401488,21000,9378280,0x,,0.223614959,received,0x8c8d1170edec715723d0884775e78d9b3c35e32e
1329,6602199,1540771730,0xd657aec4b065a09246f65bf46d1745c7e061c279704c34ef639da7d1d2740a62,694,0x945c0bcfabac51661a3134c6b5bc62171d4d0705888854c941fa4b3e56fda178,56,0x8c8d1170edec715723d0884775e78d9b3c35e32e,0x569dfbc4a2efd97b6bcc9b46454b6a4a742d85de,6000000000000000000,25200,3000000000,0,1,0x,,3071316,21000,9372711,0x,,6,sent,0x8c8d1170edec715723d0884775e78d9b3c35e32e
1330,6602676,1540778993,0xd3946cc39b0901b5d630fc55f6980a10b23dce48a3279dace30d00bfbfe77ede,48401,0x551558dacb21fbdee2a9350325000209be0047917edb1b739040dafd8811adce,116,0xe9063a1fcd386a818f67fadf03333efc0703e698,0x8c8d1170edec715723d0884775e78d9b3c35e32e,217428086000000000,940000,6000000000,0,1,0x,,5781129,21000,9372234,0x,,0.217428086,received,0x8c8d1170edec715723d0884775e78d9b3c35e32e
1331,6608820,1540865742,0x7fa204c9e402d3c0069a0f4ac1fdd34038f39c8606eb636c3a46298d614f0afb,48930,0x551973a692364a55746abd9443ad2caf1a35dc3b289657a2b14288bf35fd4c47,55,0xe9063a1fcd386a818f67fadf03333efc0703e698,0x8c8d1170edec715723d0884775e78d9b3c35e32e,226667117000000000,940000,10000000000,0,1,0x,,2072126,21000,9366090,0x,,0.226667117,received,0x8c8d1170edec715723d0884775e78d9b3c35e32e
1332,6614928,1540952345,0x214b64402a473767d441424b01cbe69a9cefd1835c63ed7520f79e17c7709002,49200,0x9fd244dfd70de672deceec3d150f823bbeb73776d26324501ee1df78e0db8442,166,0xe9063a1fcd386a818f67fadf03333efc0703e698,0x8c8d1170edec715723d0884775e78d9b3c35e32e,219006288000000000,940000,6000000000,0,1,0x,,5167906,21000,9359982,0x,,0.219006288,received,0x8c8d1170edec715723d0884775e78d9b3c35e32e
1333,6620978,1541037935,0xca8faab03d70259b31f94d6c23ebc3aa9864204b08739a6b353639fdb0963b6f,49366,0xd2f16eed5de1d17f902ff117e48b117d1ec4ee740f39a9193e7f01bab9fc15ae,65,0xe9063a1fcd386a818f67fadf03333efc0703e698,0x8c8d1170edec715723d0884775e78d9b3c35e32e,221427851000000000,940000,3000000000,0,1,0x,,4155484,21000,9353932,0x,,0.221427851,received,0x8c8d1170edec715723d0884775e78d9b3c35e32e
1334,6627328,1541128625,0x18f3df92ea406df0267c8e62f783f465a3f5bca06e6a69e8cb1ac35eb5e41c36,49946,0x29b802618bf77cea4bb8ec8d0c8b4bc3ed8978d45fea55b34049013d864c2eb9,68,0xe9063a1fcd386a818f67fadf03333efc0703e698,0x8c8d1170edec715723d0884775e78d9b3c35e32e,215614556000000000,940000,8000000000,0,1,0x,,6256121,21000,9347582,0x,,0.215614556,received,0x8c8d1170edec715723d0884775e78d9b3c35e32e
1335,6633172,1541211301,0x19b5280799386a60bd4c60d43b8da3c9f56afe4fa5531c4ca291a29c85c177a2,50246,0xa304da28f6ef25c957b824eecc59eac81cb52c6393004cef1fab66cac1447a53,1,0xe9063a1fcd386a818f67fadf03333efc0703e698,0x8c8d1170edec715723d0884775e78d9b3c35e32e,222655876000000000,940000,9000000000,0,1,0x,,54405,21000,9341738,0x,,0.222655876,received,0x8c8d1170edec715723d0884775e78d9b3c35e32e
1336,6639296,1541297593,0xb17dc8707525e2adc6564c0d07cf677222d45f286cf1839ba85a03e145a7fe21,50587,0x9b5d0e8e53081fd56eb3a8d42383256d23999e823797e124b70104f82ecfe407,95,0xe9063a1fcd386a818f67fadf03333efc0703e698,0x8c8d1170edec715723d0884775e78d9b3c35e32e,226465663000000000,940000,6000000000,0,1,0x,,4785796,21000,9335614,0x,,0.226465663,received,0x8c8d1170edec715723d0884775e78d9b3c35e32e
1337,6645563,1541386569,0x7937679d08d295f8081fb4c218a8e8c0cf718d3a273de0144582a0211c586373,50938,0x163f841e6cde69a9d758ab5f8284016cc742fd64380b97885ca544c33adc729e,195,0xe9063a1fcd386a818f67fadf03333efc0703e698,0x8c8d1170edec715723d0884775e78d9b3c35e32e,226544578000000000,940000,8000000000,0,1,0x,,7020694,21000,9329347,0x,,0.226544578,received,0x8c8d1170edec715723d0884775e78d9b3c35e32e
1338,6651464,1541470452,0x3eec7435e8ff829632f84537ef5bd16a71e9e56a216c71d3f3786b75fb0e4e0c,51274,0x37bb0c4806899bef74fdc214a78fcd21c4f88d21994897ecd4e36ce7ce6da82d,141,0xe9063a1fcd386a818f67fadf03333efc0703e698,0x8c8d1170edec715723d0884775e78d9b3c35e32e,229078410000000000,940000,9000000000,0,1,0x,,6624952,21000,9323446,0x,,0.22907841,received,0x8c8d1170edec715723d0884775e78d9b3c35e32e
1339,6657157,1541551464,0x4dc1e3ed65173257144c0b166b0673ed6ff865aa9c36e083f9aea0704faa6e3f,695,0x204be26ffac1fb3f7ec7d7fa3cc119c976a2a22b46a661ebef7e1b780a053122,68,0x8c8d1170edec715723d0884775e78d9b3c35e32e,0x42ba2619d342ad90c71829b3da4a3279ac95e39d,742833000000000000,25200,9000000000,0,1,0x,,3555893,21000,9317753,0x,,0.742833,sent,0x8c8d1170edec715723d0884775e78d9b3c35e32e
1340,6657527,1541556742,0xa18dca9b94cd508b23c4ed3d27947e2120e928c42b86e3d4d326c523e421bf78,51622,0xd7844fb19b9bd1146a7351a9278539b61439d0ecd4e04680a2430d2dd96be00c,30,0xe9063a1fcd386a818f67fadf03333efc0703e698,0x8c8d1170edec715723d0884775e78d9b3c35e32e,222957879000000000,940000,11000000000,0,1,0x,,707106,21000,9317383,0x,,0.222957879,received,0x8c8d1170edec715723d0884775e78d9b3c35e32e
1341,6663686,1541643452,0xe0a4499f5e11c016a923fed91f64f1c3a137f3be577d9f383b8f11670a73c4b2,52055,0x9db8895534780cc08d36e9812d2e6cf1c01d91afa80b26eeb5c9a8be4e2d8d21,143,0xe9063a1fcd386a818f67fadf03333efc0703e698,0x8c8d1170edec715723d0884775e78d9b3c35e32e,217404368000000000,940000,11000000000,0,1,0x,,3791593,21000,9311224,0x,,0.217404368,received,0x8c8d1170edec715723d0884775e78d9b3c35e32e
1342,6669753,1541729607,0x67ef5fdc67ceeece133399ccf672a87d12d085d74a61807fa435484d2b35678f,52260,0xeb594d91abc708572396d30b000ba0932edead06d656933850c3b7b93da9a480,28,0xe9063a1fcd386a818f67fadf03333efc0703e698,0x8c8d1170edec715723d0884775e78d9b3c35e32e,218886250000000000,940000,9000000000,0,1,0x,,2110732,21000,9305157,0x,,0.21888625,received,0x8c8d1170edec715723d0884775e78d9b3c35e32e
1343,6675230,1541807414,0xcd029139f234f16064fe714e013bdc4af2325484e6a49b53f055c4e2b2cfc818,696,0xd5ef1306cdebdc412996add57eca122cdbff68bc3fc21d8463361877838c7e6d,84,0x8c8d1170edec715723d0884775e78d9b3c35e32e,0xfa1a856cfa3409cfa145fa4e20eb270df3eb21ab,0,60000,6000000000,0,1,0xa9059cbb000000000000000000000000569dfbc4a2efd97b6bcc9b46454b6a4a742d85de000000000000000000000000000000000000000000000a98d5060e4c0a89c000,,7170963,37237,9299680,0xa9059cbb,"transfer(address _to, uint256 _value)",0,sent,0x8c8d1170edec715723d0884775e78d9b3c35e32e
1344,6675826,1541816112,0x085088fd328b1f13a4880fdcfc45c589ffc5680896eba19d6df0878ec7b43d07,52734,0x7ecc17232876ef65006324178af98a8e64915cf60964b756333d1df0643d4517,45,0xe9063a1fcd386a818f67fadf03333efc0703e698,0x8c8d1170edec715723d0884775e78d9b3c35e32e,229945697000000000,940000,7000000000,0,1,0x,,2980277,21000,9299084,0x,,0.229945697,received,0x8c8d1170edec715723d0884775e78d9b3c35e32e
1345,6681954,1541902181,0x3ca93c004f3ce755f33d09cc14e050eb7991cfbaadcb9abff2a84650f16ac01a,52885,0xda9ec4c0aeffdbbe5d6de6ff1f92c7c6c168f1c03a26de3bcd2b81e1dbcba673,119,0xe9063a1fcd386a818f67fadf03333efc0703e698,0x8c8d1170edec715723d0884775e78d9b3c35e32e,231540526000000000,940000,4000000000,0,1,0x,,4801305,21000,9292956,0x,,0.231540526,received,0x8c8d1170edec715723d0884775e78d9b3c35e32e
1346,6688788,1541998938,0xb886b09b6b0d3fc8841a6b1f617361d8de889dabb4272eaa157a629b9bc5f6ff,53319,0xfce6f30e0238d946be93e5c3fb5beae714df01d9c8aa44614282f9b2c6bf0273,51,0xe9063a1fcd386a818f67fadf03333efc0703e698,0x8c8d1170edec715723d0884775e78d9b3c35e32e,226453985000000000,940000,5000000000,0,1,0x,,2264149,21000,9286122,0x,,0.226453985,received,0x8c8d1170edec715723d0884775e78d9b3c35e32e
1347,6694229,1542075035,0x097f5f0c989b8b82b0127d353e14a8872c8a19f915b31efb188c1c16af096d1f,53649,0xbe7fee263267f5e65bc6a6d0d86e5d7882c0844987ea2486f606d42a15ccf0b7,41,0xe9063a1fcd386a818f67fadf03333efc0703e698,0x8c8d1170edec715723d0884775e78d9b3c35e32e,224150771000000000,940000,6000000000,0,1,0x,,2037498,21000,9280681,0x,,0.224150771,received,0x8c8d1170edec715723d0884775e78d9b3c35e32e
1348,6700328,1542161296,0x983dfb4bb7dcd735b7ef82a533def837959787efb58d5b84cdc4aad2eb71d720,53932,0xf92afa261c9dc74c3bbcbe156c017a7911b1369d3651a088f47c86bbc14ce2fb,40,0xe9063a1fcd386a818f67fadf03333efc0703e698,0x8c8d1170edec715723d0884775e78d9b3c35e32e,230335028000000000,940000,6000000000,0,1,0x,,1669172,21000,9274582,0x,,0.230335028,received,0x8c8d1170edec715723d0884775e78d9b3c35e32e
1349,6706578,1542250760,0xb01e259b98786af559485779b1edb1e0a56a24ea7fc7daab4850659f6478e22f,54380,0x267f274b7d77bc1cf7eb84ff8edba3953d9e06c8e71be0ba4a7625745591bd61,18,0xe9063a1fcd386a818f67fadf03333efc0703e698,0x8c8d1170edec715723d0884775e78d9b3c35e32e,226542963000000000,940000,17000000000,0,1,0x,,589395,21000,9268332,0x,,0.226542963,received,0x8c8d1170edec715723d0884775e78d9b3c35e32e
1350,6709268,1542288585,0x3c3b4e2e707d8e5c774c4345d496314c0236969e63660e6aac48d5b4ff23fd14,697,0xa34ee4781488217883b3b9b6be4598e5ff2883317aaf90c041ff63f7445d3738,32,0x8c8d1170edec715723d0884775e78d9b3c35e32e,0x0777f76d195795268388789343068e4fcd286919,72000000000000000,129000,28000000000,0,1,0x396c82280000000000000000000000000000000000000000000000000000000000000006000000000000000000000000b9e29984fe50602e7a619662ebed4f90d93824c7,,2841817,95453,9265642,0x396c8228,"purchase(uint16 packCount, address referrer)",0.072,sent,0x8c8d1170edec715723d0884775e78d9b3c35e32e
1351,6709303,1542289035,0x1b41e1ffac76ced71e73b51dbe805fb8961140378f10462c37479d6f7e4e63f0,698,0xf82a627ac3385f660a0f3b63cc94ab36a798272e06ebf7ed9a74bd2cd830859a,67,0x8c8d1170edec715723d0884775e78d9b3c35e32e,0x0777f76d195795268388789343068e4fcd286919,0,3258781,18000000000,0,1,0x379607f50000000000000000000000000000000000000000000000000000000000005660,,6349842,3258781,9265607,0x379607f5,claim(uint256 amount),0,sent,0x8c8d1170edec715723d0884775e78d9b3c35e32e
1352,6712481,1542334201,0xb46b40e5ec59534a29a686e8f84f65f331ada74c8a880b58e89061cdecfe7197,54571,0x6483caad0a0d7ed2b12445a41646b96741673f5b9ed74a24821e3b65b3c2e8b7,55,0xe9063a1fcd386a818f67fadf03333efc0703e698,0x8c8d1170edec715723d0884775e78d9b3c35e32e,215195877000000000,940000,11000000000,0,1,0x,,5737452,21000,9262429,0x,,0.215195877,received,0x8c8d1170edec715723d0884775e78d9b3c35e32e
1353,6718654,1542420712,0x24b12838c06f15f75d425a98773a55fe9216bb91629faf079127606a2f560d63,54883,0x0989268ece89d28537f3f69f328ef1a88f6685253ec25161b35a07bb24e8e213,160,0xe9063a1fcd386a818f67fadf03333efc0703e698,0x8c8d1170edec715723d0884775e78d9b3c35e32e,215628871000000000,940000,7000000000,0,1,0x,,6688617,21000,9256256,0x,,0.215628871,received,0x8c8d1170edec715723d0884775e78d9b3c35e32e
1354,6724735,1542506945,0x2e1374c4c6e09ce95b18674ca25aca0668b331f9ee51527ef7981575f61c2bfd,55194,0x6c864b4548ec9d1cb9d0a6847947471f651817e84d645182e316e7ef95a98b3b,69,0xe9063a1fcd386a818f67fadf03333efc0703e698,0x8c8d1170edec715723d0884775e78d9b3c35e32e,220947051000000000,940000,4000000000,0,1,0x,,3282886,21000,9250175,0x,,0.220947051,received,0x8c8d1170edec715723d0884775e78d9b3c35e32e
1355,6730905,1542593403,0x12e677da6f315c4ce6187a18132e7c198a5c19713867032703a88addabf898b4,55495,0x4f3d25d58c26258e9782360722027a282046591925fd201f3c585d300648a17a,42,0xe9063a1fcd386a818f67fadf03333efc0703e698,0x8c8d1170edec715723d0884775e78d9b3c35e32e,214659032000000000,940000,8000000000,0,1,0x,,2372026,21000,9244005,0x,,0.214659032,received,0x8c8d1170edec715723d0884775e78d9b3c35e32e
1356,6736941,1542680008,0xa7db83b1669508f214dd4bf9062046802c5acd305ffcf04c83327fa2030b4bb3,55794,0xb0a6601a11c7e6c13508cf4eb59f943419a0b64d4dd5457e11a9ca707f9da028,134,0xe9063a1fcd386a818f67fadf03333efc0703e698,0x8c8d1170edec715723d0884775e78d9b3c35e32e,214637722000000000,940000,8000000000,0,1,0x,,6638354,21000,9237969,0x,,0.214637722,received,0x8c8d1170edec715723d0884775e78d9b3c35e32e
1357,6791752,1543458943,0xfc28b4960905f83786d88601c487634e9b75f0c23fe261e09c9f28c753454a6e,58890,0xb60d97bb017305221c8010ad8239a6be406a3c7424546af70ec4984b80b09685,89,0xe9063a1fcd386a818f67fadf03333efc0703e698,0x8c8d1170edec715723d0884775e78d9b3c35e32e,54880329000000000,940000,12000000000,0,1,0x,,5015243,21000,9183158,0x,,0.054880329,received,0x8c8d1170edec715723d0884775e78d9b3c35e32e
1358,6941273,1545610764,0xc2e54eaf6f7b6669e00c41fb165c533f21eed9f746e17f36707c0b1613d3322c,699,0x591a4c2d40e791fae2a09fdce4736d91f0d0a5a41426f1504cf6f834399f685c,99,0x8c8d1170edec715723d0884775e78d9b3c35e32e,0x569dfbc4a2efd97b6bcc9b46454b6a4a742d85de,4800000000000000000,60000,6000000000,0,1,0x,,5443077,21000,9033637,0x,,4.8,sent,0x8c8d1170edec715723d0884775e78d9b3c35e32e
1359,6943800,1545647735,0xeb4c36888eb01fd008a289ea2c68556007cd77b837cde6e821e4d283d63e1fcf,700,0x0823ca076a59450d46e561c8685e1c05ca82e53c4cda77926248caf3388eb94e,29,0x8c8d1170edec715723d0884775e78d9b3c35e32e,0x1da022710df5002339274aadee8d58218e9d6ab5,0,34553,20000000000,0,1,0xd5fa2b00edb3ec40e949d03ed54704299eef83eff96b7565dea071777d2bcb21459925bd0000000000000000000000008c8d1170edec715723d0884775e78d9b3c35e32e,,1031459,34553,9031110,0xd5fa2b00,"setAddr(bytes32 node, address addr)",0,sent,0x8c8d1170edec715723d0884775e78d9b3c35e32e
1360,7986089,1560911597,0xc4231c06451034e99264efce7338bfbffbcc133e14ea95786e25b9aa8aa883b3,28931,0x661712f58a72f07e2945731d017b691a9b907759d0e9d9933a98ee17cbb7c11d,72,0xdba76e955e3660da446b348c972b44d911a1cf32,0x8c8d1170edec715723d0884775e78d9b3c35e32e,109432198000000000,1600000,10000000000,0,1,0x,,2188983,21000,7988821,0x,,0.109432198,received,0x8c8d1170edec715723d0884775e78d9b3c35e32e
1361,7992336,1560996339,0x3e1f2e79775b9230e1625882d15452f82671e844da146cec2a2459461bcf8df6,29073,0xc62f7870c15631f83051a96dc0175489777391603606c20143f0eef7f199b744,145,0xdba76e955e3660da446b348c972b44d911a1cf32,0x8c8d1170edec715723d0884775e78d9b3c35e32e,110120569000000000,1600000,9000000000,0,1,0x,,3436430,21000,7982574,0x,,0.110120569,received,0x8c8d1170edec715723d0884775e78d9b3c35e32e
1362,7998717,1561083230,0x2be3099db8256cacd26e32a0143efd6b0d31597ce6bb7a36d1c91c7baae6084e,29218,0x05972ff7592226c07d0541f5d1b4aa60535caaa12425c82fac3257e4bd67f5c0,153,0xdba76e955e3660da446b348c972b44d911a1cf32,0x8c8d1170edec715723d0884775e78d9b3c35e32e,124579922000000000,1600000,10000000000,0,1,0x,,3824340,21000,7976193,0x,,0.124579922,received,0x8c8d1170edec715723d0884775e78d9b3c35e32e
1363,8005062,1561169049,0xdd993cddf12e4fde9a523b0653d7892577cc51b0207d1dad82c02787a1e6835a,29367,0x8f3a35059cf4b498e9ad34c2f6d757a5c865c809e8c84392135c1087cc934430,78,0xdba76e955e3660da446b348c972b44d911a1cf32,0x8c8d1170edec715723d0884775e78d9b3c35e32e,124463563000000000,1600000,6000000000,0,1,0x,,2117391,21000,7969848,0x,,0.124463563,received,0x8c8d1170edec715723d0884775e78d9b3c35e32e
1364,8011583,1561255880,0xc656808a47546bf5be05e78e824912245f86389b8b2cc5346fb3c3366f2a0fda,29510,0x2aafcc51decb485d5f5dd12127741e3b82ffe6dfe978867d1f48e57cea11f8bb,75,0xdba76e955e3660da446b348c972b44d911a1cf32,0x8c8d1170edec715723d0884775e78d9b3c35e32e,123970711000000000,1600000,5000000000,0,1,0x,,2450022,21000,7963327,0x,,0.123970711,received,0x8c8d1170edec715723d0884775e78d9b3c35e32e
1365,8018007,1561342525,0xae3884eee530213d4b3edffb0a2e40d0761ff7deacc033666e0a8854e3e6d522,29642,0x1b8ca60867fbe963a9dd14530251a11fc4dd34d3ca7e77c130bfaec8ef3d1571,173,0xdba76e955e3660da446b348c972b44d911a1cf32,0x8c8d1170edec715723d0884775e78d9b3c35e32e,107167844000000000,1600000,6000000000,0,1,0x,,5772222,21000,7956903,0x,,0.107167844,received,0x8c8d1170edec715723d0884775e78d9b3c35e32e
1366,8024408,1561428558,0x86855041697eaa9d99f000576e53591e1754650ac02d49fcc23e97e5fdad83cf,29785,0x2d994e7ab3dc84fb6fe3bac11d495ab79b2f6e49c81469631293386d1bd2d8ec,145,0xdba76e955e3660da446b348c972b44d911a1cf32,0x8c8d1170edec715723d0884775e78d9b3c35e32e,103579197000000000,1600000,7000000000,0,1,0x,,3516161,21000,7950502,0x,,0.103579197,received,0x8c8d1170edec715723d0884775e78d9b3c35e32e
1367,8030847,1561515225,0xb889af8b763e13302dcb5b07c16836cd6e327af95976a0004d51d08355a772e0,29938,0x956b7ec0390262a9d7595da7b7ad80f7ff44ab097935d9d26476ba995e12920c,60,0xdba76e955e3660da446b348c972b44d911a1cf32,0x8c8d1170edec715723d0884775e78d9b3c35e32e,120746325000000000,1600000,10000000000,0,1,0x,,2406955,21000,7944063,0x,,0.120746325,received,0x8c8d1170edec715723d0884775e78d9b3c35e32e
1368,8037364,1561602986,0x2d469be61e7c2b267129c2c137e046b6ce5cc341c0ecf509e4935de47acd4223,30085,0x1a3d1edcd40110934c780b4f27ad866edfc220c536043bad2de5ff8b1262ebc1,41,0xdba76e955e3660da446b348c972b44d911a1cf32,0x8c8d1170edec715723d0884775e78d9b3c35e32e,101211556000000000,1600000,10890000000,0,1,0x,,1751983,21000,7937546,0x,,0.101211556,received,0x8c8d1170edec715723d0884775e78d9b3c35e32e
1369,8043592,1561687473,0x323a7313aff6d96a9c578a96876cf04ebd5299ffcff24cd37cac48222680b945,30229,0x6bba18b04ebd0bb61ebc45cd9b18a8885bcb322fc792a2957e8682da09f2a9ef,132,0xdba76e955e3660da446b348c972b44d911a1cf32,0x8c8d1170edec715723d0884775e78d9b3c35e32e,105134688000000000,1600000,8000000000,0,1,0x,,2930037,21000,7931318,0x,,0.105134688,received,0x8c8d1170edec715723d0884775e78d9b3c35e32e
1370,8056506,1561861313,0xaf679311c734d45e8ec150652016c64c87176cdd18d3318bd7e580ee02cabca6,30518,0xc8b5e46abd829bd2d522d1d25ff39a4b8a6098d278ee01d845d2440e4a872fc8,142,0xdba76e955e3660da446b348c972b44d911a1cf32,0x8c8d1170edec715723d0884775e78d9b3c35e32e,363613745000000000,1600000,20000000000,0,1,0x,,3940260,21000,7918404,0x,,0.363613745,received,0x8c8d1170edec715723d0884775e78d9b3c35e32e
1371,8062864,1561946887,0xecc42c6e0adece8765170103907f2ed92da1ce8756a3e627fadc9bf7862e0bf3,30679,0x647883f8748b5453e73eb6b0ca6f661a661c299c5d181e59117f6e6e0d9b721a,190,0xdba76e955e3660da446b348c972b44d911a1cf32,0x8c8d1170edec715723d0884775e78d9b3c35e32e,120743884000000000,1600000,10000000000,0,1,0x,,5002340,21000,7912046,0x,,0.120743884,received,0x8c8d1170edec715723d0884775e78d9b3c35e32e
1372,8069323,1562033685,0x80578eb0cf86127480d0f15ed28143f730a0b6da6b47ba571f41f0678351b74a,30841,0x36e7cadcdd93d5bbde2140ec401b0aade8d8c8efda2932478ea8e98355b20278,164,0xdba76e955e3660da446b348c972b44d911a1cf32,0x8c8d1170edec715723d0884775e78d9b3c35e32e,115818851000000000,1600000,6200000000,0,1,0x,,5525052,21000,7905587,0x,,0.115818851,received,0x8c8d1170edec715723d0884775e78d9b3c35e32e
1373,8075716,1562119877,0xe7f6ccc79effc015a362c57f1963926d6bde372e776d0797e8a080c5a891503c,30982,0x8854405b265e75fb1d662479617f3d228009c55dfe49fbd70fb475e5eb937ab0,153,0xdba76e955e3660da446b348c972b44d911a1cf32,0x8c8d1170edec715723d0884775e78d9b3c35e32e,115149473000000000,1600000,9000000000,0,1,0x,,6050338,21000,7899194,0x,,0.115149473,received,0x8c8d1170edec715723d0884775e78d9b3c35e32e
1374,8082193,1562207227,0xaac85b048653ed29070c1f9c5f0d50efb81361c5439ff26faacc5eef9a8ebb02,31142,0x12e037b8a485ce1864960de519fef9258a04c2affdf80b3121a8301e0f4c03ad,45,0xdba76e955e3660da446b348c972b44d911a1cf32,0x8c8d1170edec715723d0884775e78d9b3c35e32e,116738048000000000,1600000,5000000000,0,1,0x,,1355064,21000,7892717,0x,,0.116738048,received,0x8c8d1170edec715723d0884775e78d9b3c35e32e
1375,8088555,1562293179,0xa62138455b7357993191b05ab631a199b320ec1094af021012d1e6fb94fad55e,31285,0x20e4c3d6ca19835bec508a35f292723a5b03c8487ac68e4045574650a24a79bb,158,0xdba76e955e3660da446b348c972b44d911a1cf32,0x8c8d1170edec715723d0884775e78d9b3c35e32e,120082178000000000,1600000,6000000000,0,1,0x,,5964097,21000,7886355,0x,,0.120082178,received,0x8c8d1170edec715723d0884775e78d9b3c35e32e
1376,8095207,1562382673,0xd6aae5ccfc14af636756fba863a0033fb539bfa5ecc0bb85a87a07d0bc61420e,31424,0x73f4ca3e9abfb7950bcc8c67942a62439c513e50e3121b1c6df5307721378043,57,0xdba76e955e3660da446b348c972b44d911a1cf32,0x8c8d1170edec715723d0884775e78d9b3c35e32e,123319600000000000,1600000,5000000000,0,1,0x,,2295805,21000,7879703,0x,,0.1233196,received,0x8c8d1170edec715723d0884775e78d9b3c35e32e
1377,8101370,1562465148,0xc45085c461cb2d98cbcc85769ef0f73fe0a7b904102fca98df32dfd2211a56e5,31574,0x8a24ddb3e57db7dd273ab705378bf2cfdb4e76a45611e442b3d21692e5781751,136,0xdba76e955e3660da446b348c972b44d911a1cf32,0x8c8d1170edec715723d0884775e78d9b3c35e32e,115317062000000000,1600000,5000000000,0,1,0x,,3171066,21000,7873540,0x,,0.115317062,received,0x8c8d1170edec715723d0884775e78d9b3c35e32e
1378,8107908,1562552730,0xaaeaccd19520894b99bcff998355b8d02191590fe98a959b96bb3a4fe6d5241d,31732,0x617a930e3376ef59effd3a31891d845ef7b5f1d9a6cca6fcf76f68e525bd68c0,74,0xdba76e955e3660da446b348c972b44d911a1cf32,0x8c8d1170edec715723d0884775e78d9b3c35e32e,117391510000000000,1600000,6000000000,0,1,0x,,5656185,21000,7867002,0x,,0.11739151,received,0x8c8d1170edec715723d0884775e78d9b3c35e32e
1379,8114303,1562638376,0x6e7da2f5baff7a0637c82f7957cf62b012fd43bd12eeb8313826863f159a907a,31870,0x507bf5c2e223450a8bc4bcad94150568091afdc324af8ae0b62f99c8d0e97c99,50,0xdba76e955e3660da446b348c972b44d911a1cf32,0x8c8d1170edec715723d0884775e78d9b3c35e32e,116955061000000000,1600000,10000000000,0,1,0x,,1909395,21000,7860607,0x,,0.116955061,received,0x8c8d1170edec715723d0884775e78d9b3c35e32e
1380,8120696,1562724333,0xf138ec50013c17738e72923cf93169bfc0ab836184bbe0c35d7563c13aeb923c,32030,0x59acbe9a356311e578790e936f606f1f561ff966c35a485efe4c2f091c051567,180,0xdba76e955e3660da446b348c972b44d911a1cf32,0x8c8d1170edec715723d0884775e78d9b3c35e32e,116470865000000000,1600000,5500550000,0,1,0x,,4446052,21000,7854214,0x,,0.116470865,received,0x8c8d1170edec715723d0884775e78d9b3c35e32e
1381,8124203,1562771195,0x83b92817c1253858515157c8b8502c979913e1312df66c938b22c1bfc1c148cd,701,0x19a7b22fba9b7f43c3c08dd593603cad340b56a7f40d290accfb0f9c6c72b5cd,167,0x8c8d1170edec715723d0884775e78d9b3c35e32e,0x569dfbc4a2efd97b6bcc9b46454b6a4a742d85de,2740000000000000000,21000,10000000000,0,1,0x,,7189389,21000,7850707,0x,,2.74,sent,0x8c8d1170edec715723d0884775e78d9b3c35e32e
1382,8127357,1562813330,0x598d826875a4af17373f43afa6f61fd19ca621b2a478b522da27a79d46484a5c,32179,0x16f009f18d4e78ab6d5402b736aabb84ab42236d19bc0f76e84871c8dc997ede,153,0xdba76e955e3660da446b348c972b44d911a1cf32,0x8c8d1170edec715723d0884775e78d9b3c35e32e,108752550000000000,1600000,4400000000,0,1,0x,,4241031,21000,7847553,0x,,0.10875255,received,0x8c8d1170edec715723d0884775e78d9b3c35e32e
1383,8133620,1562897936,0xcddf84b72a2d89506e420ce23b5475f08057c2ab54938cda2792486b411ce830,32330,0xab9df386414bdfa13d4cf46d8921667eaa48b4357394564e73c833f0b0c083b5,9,0xdba76e955e3660da446b348c972b44d911a1cf32,0x8c8d1170edec715723d0884775e78d9b3c35e32e,109437850000000000,1600000,7000000000,0,1,0x,,331929,21000,7841290,0x,,0.10943785,received,0x8c8d1170edec715723d0884775e78d9b3c35e32e
1384,8139967,1562984271,0x7ad5bdd0082433504bad689597452c6bbcc042f50e83e4586f9023361d2c7aa1,32486,0xb6b0eafba65a15f7b772bef4f4869d39732c8672139c967bb7f954fdbe8d5429,105,0xdba76e955e3660da446b348c972b44d911a1cf32,0x8c8d1170edec715723d0884775e78d9b3c35e32e,112108373000000000,1600000,6000000000,0,1,0x,,2610327,21000,7834943,0x,,0.112108373,received,0x8c8d1170edec715723d0884775e78d9b3c35e32e
1385,8146387,1563070148,0xaadbd5870c687bb743e44c1eaefe48b34afbc31c9d924110a995143ab5db770b,32629,0x5e0e410f1debe83417f73fc2431261f2b706133416e6131ec513ede5d32868ab,133,0xdba76e955e3660da446b348c972b44d911a1cf32,0x8c8d1170edec715723d0884775e78d9b3c35e32e,111036740000000000,1600000,4200000000,0,1,0x,,3152115,21000,7828523,0x,,0.11103674,received,0x8c8d1170edec715723d0884775e78d9b3c35e32e
1386,8152899,1563156884,0x7eb0635c918d8de1e8f1f6be58b02dd653e3a17449f75bbf53b0d7a4341f2d59,32768,0x3aff27f76e3ee4d084399e92421bf444ad5ac16b23ebae4aee801286d090d3f4,84,0xdba76e955e3660da446b348c972b44d911a1cf32,0x8c8d1170edec715723d0884775e78d9b3c35e32e,104820272000000000,1600000,12000000000,0,1,0x,,4455629,21000,7822011,0x,,0.104820272,received,0x8c8d1170edec715723d0884775e78d9b3c35e32e
1387,8159250,1563243494,0xdc0681af7c0bc389ce3c24df7b4e8405609fae6bcba850a0d7e69c9eb7801a56,32925,0x232e9a2df102d410b140b9c70a95c4d9ec6cceaeefcd2335496c9dd53e54ee73,103,0xdba76e955e3660da446b348c972b44d911a1cf32,0x8c8d1170edec715723d0884775e78d9b3c35e32e,110706162000000000,1600000,6405000000,0,1,0x,,3128343,21000,7815660,0x,,0.110706162,received,0x8c8d1170edec715723d0884775e78d9b3c35e32e
1388,8165626,1563330334,0xfbf2f5e65bcaa7c1d929a838d2b13a35700795f4ee31404a94585dab090223fc,33078,0xd576123177f0d5398b7967f4b81038c9758eda8a7e6845fd35801a63a74e849a,75,0xdba76e955e3660da446b348c972b44d911a1cf32,0x8c8d1170edec715723d0884775e78d9b3c35e32e,111206501000000000,1600000,20000000000,0,1,0x,,3514312,21000,7809284,0x,,0.111206501,received,0x8c8d1170edec715723d0884775e78d9b3c35e32e
1389,8171900,1563415522,0x4e24d807f27afb41ae6eac70ccc951bfb62f04a09657df310e22668ff7e9b34d,33228,0x962dd230a08827b3ee2e1a0235c99a785d93e94aa9d2615f5de096f1bf6621f7,29,0xdba76e955e3660da446b348c972b44d911a1cf32,0x8c8d1170edec715723d0884775e78d9b3c35e32e,104696452000000000,1600000,7200000000,0,1,0x,,1078858,21000,7803010,0x,,0.104696452,received,0x8c8d1170edec715723d0884775e78d9b3c35e32e
1390,8178364,1563501888,0xe954033ef218dad08bc8d4312f37afcc182f1b20a515a37dd3cdc2b9e7e58702,33381,0x7f5c5d792817c8f0b1039ba1c7d087f0e9a17e741ae4545cb9ab653bc1330db3,31,0xdba76e955e3660da446b348c972b44d911a1cf32,0x8c8d1170edec715723d0884775e78d9b3c35e32e,101409788000000000,1600000,9000000000,0,1,0x,,1045012,21000,7796546,0x,,0.101409788,received,0x8c8d1170edec715723d0884775e78d9b3c35e32e
1391,8184752,1563588777,0xaff5aa10560609748d5e293bd4bf442550fc5b8436676cea679e86feda34262c,33547,0xdd8beed8746d3e2714d334ee55f913c5f4de7b0de139d346019497dd6ad3d124,156,0xdba76e955e3660da446b348c972b44d911a1cf32,0x8c8d1170edec715723d0884775e78d9b3c35e32e,101715426000000000,1600000,9000000000,0,1,0x,,4227933,21000,7790158,0x,,0.101715426,received,0x8c8d1170edec715723d0884775e78d9b3c35e32e
1392,8197695,1563761735,0x5d548a2cfda337b5e610bdc842a148bace11f83a12bf905ed51684faa3e85ada,33846,0xd6fe188a3f8a4cd6f73b5d2331cb01463ed3449533a96cdf005663162ff41246,176,0xdba76e955e3660da446b348c972b44d911a1cf32,0x8c8d1170edec715723d0884775e78d9b3c35e32e,197028953000000000,1600000,9000000000,0,1,0x,,5120446,21000,7777215,0x,,0.197028953,received,0x8c8d1170edec715723d0884775e78d9b3c35e32e
1393,8204167,1563847927,0xaacef1a011232ef0324ca4b387ea3713a75ca3c42cf35bf78fbba569b9102665,33998,0x4ec5287e9c5b79fac5f49995cc7c8b01bc105ef15476cab719de4e3bbe65662b,70,0xdba76e955e3660da446b348c972b44d911a1cf32,0x8c8d1170edec715723d0884775e78d9b3c35e32e,101383350000000000,1600000,9000000000,0,1,0x,,2455350,21000,7770743,0x,,0.10138335,received,0x8c8d1170edec715723d0884775e78d9b3c35e32e
1394,8217031,1564020326,0x0af53c4547dadbded9327c01ff6069193fdf67a49e683c5b66416f8aa8742952,34298,0xff7228ab0964eb5aae3d173534ee2a95832b1bb42978c346a0572ee5b61cd2e1,153,0xdba76e955e3660da446b348c972b44d911a1cf32,0x8c8d1170edec715723d0884775e78d9b3c35e32e,202164195000000000,1600000,9000000000,0,1,0x,,4304645,21000,7757879,0x,,0.202164195,received,0x8c8d1170edec715723d0884775e78d9b3c35e32e
1395,8223524,1564108378,0xa93856b7b52684c9205a1dee4c47375ebadf8e755db62d020154f2e95fd0792b,34456,0x05cd6561bb6c2f6bb034812ee731dfe889ec89dbd464a48fc18ec0d6df6a835c,154,0xdba76e955e3660da446b348c972b44d911a1cf32,0x8c8d1170edec715723d0884775e78d9b3c35e32e,102456946000000000,1600000,9000000000,0,1,0x,,5917831,21000,7751386,0x,,0.102456946,received,0x8c8d1170edec715723d0884775e78d9b3c35e32e
1396,8229862,1564193163,0x64673f3cb427195f9d49313fdd6197dce2a206947c3c9160bd5429d98cedeec7,34604,0xa9b54a0112d0183ad8c6fbed390298b8f0a14c516ba16af45e0ce49738b25473,28,0xdba76e955e3660da446b348c972b44d911a1cf32,0x8c8d1170edec715723d0884775e78d9b3c35e32e,101676102000000000,1600000,9000000000,0,1,0x,,944849,21000,7745048,0x,,0.101676102,received,0x8c8d1170edec715723d0884775e78d9b3c35e32e
1397,8242801,1564366350,0x3dc2c581af7dc4c11aa3591d3ea312229789afd7a1d26e958f3fcfe305e7e8a3,34904,0x04f01e728097a101a68bcf7c87b637e02cb8172b1f30e4a70ec97fe84539dbf9,71,0xdba76e955e3660da446b348c972b44d911a1cf32,0x8c8d1170edec715723d0884775e78d9b3c35e32e,199257412000000000,1600000,9000000000,0,1,0x,,2063207,21000,7732109,0x,,0.199257412,received,0x8c8d1170edec715723d0884775e78d9b3c35e32e
1398,8255745,1564539678,0xcb755426bfbecf1fcf35cdb9e9dbeeef9230d781784b2302f564da199938e001,35203,0x4ca2e1987cf661ae5d3817acd1444ff708bc2a2ccdd0efed44813b422b1683d0,164,0xdba76e955e3660da446b348c972b44d911a1cf32,0x8c8d1170edec715723d0884775e78d9b3c35e32e,201563221000000000,1600000,9000000000,0,1,0x,,4709353,21000,7719165,0x,,0.201563221,received,0x8c8d1170edec715723d0884775e78d9b3c35e32e
1399,8262090,1564625229,0x0b1c937a611bb888ab731a58df022029bb088f10a35e0c08ae681f3243e0d8a8,35344,0xde6e3289c8c5d4039cd56fddf269eb40337a325eb8aa259ec020c9e015926828,109,0xdba76e955e3660da446b348c972b44d911a1cf32,0x8c8d1170edec715723d0884775e78d9b3c35e32e,105421458000000000,1600000,9000000000,0,1,0x,,3335449,21000,7712820,0x,,0.105421458,received,0x8c8d1170edec715723d0884775e78d9b3c35e32e
1400,8268423,1564711433,0x25cbd85c9db1aaf7156613b9f8233d5dc1eed9a406c2b56ca1bf267bac8be802,35504,0x4c9caee3e7e536a2dace382ec219982709bda2d6fef9ee8f26177c7cc5b8f500,169,0xdba76e955e3660da446b348c972b44d911a1cf32,0x8c8d1170edec715723d0884775e78d9b3c35e32e,109814794000000000,1600000,9000000000,0,1,0x,,4709750,21000,7706487,0x,,0.109814794,received,0x8c8d1170edec715723d0884775e78d9b3c35e32e
1401,8281427,1564884622,0x7499e8f2e950e1e35e0725d8c314356c6bea884acca202ad54069ffde6a10076,35804,0xeb1902c13e8853d05d638000efaa51990b5c7e9099cca7c9721514d03ef3adc6,56,0xdba76e955e3660da446b348c972b44d911a1cf32,0x8c8d1170edec715723d0884775e78d9b3c35e32e,175954099000000000,1600000,9000000000,0,1,0x,,1856770,21000,7693483,0x,,0.175954099,received,0x8c8d1170edec715723d0884775e78d9b3c35e32e
1402,8294288,1565057308,0xc09b2a023f7a37adba1e751a51072826062df02120a84c0d636cb90d35b608af,36102,0x756e51e915d16790f37110c8e9b4aab3a48ad770ab4f1d834e044669c3269dfe,89,0xdba76e955e3660da446b348c972b44d911a1cf32,0x8c8d1170edec715723d0884775e78d9b3c35e32e,194756353000000000,1600000,9000000000,0,1,0x,,2919847,21000,7680622,0x,,0.194756353,received,0x8c8d1170edec715723d0884775e78d9b3c35e32e
1403,8307078,1565228321,0x7dac9e070f3071a02e168bc0f678a8e2f4ec7d670ec3f88ad3acb8c85be01687,702,0x25133176a33eaba90a33c2f84e4f8168146d818354e2e3cdef9d0cc463b683ee,85,0x8c8d1170edec715723d0884775e78d9b3c35e32e,0x42ba2619d342ad90c71829b3da4a3279ac95e39d,826200000000000000,25200,3343750000,0,1,0x,,5626426,21000,7667832,0x,,0.8262,sent,0x8c8d1170edec715723d0884775e78d9b3c35e32e
1404,8313656,1565316820,0xb13466cfcf4824a31609f6ec7f52b1ee70d250082f234d15216721e0be52c049,36575,0x401477c9cb50af7f9f1b395762ceb338d9b7b4f4c65a46d4f0970921e242f095,33,0xdba76e955e3660da446b348c972b44d911a1cf32,0x8c8d1170edec715723d0884775e78d9b3c35e32e,104599278000000000,1600000,9000000000,0,1,0x,,860981,21000,7661254,0x,,0.104599278,received,0x8c8d1170edec715723d0884775e78d9b3c35e32e
1405,8326518,1565489208,0xba1a5a3c38bf5bc13b1b9e62774725b2c5f62af474e967dc71200c82fa4fafd3,36883,0xbcc73024011932e6b5c2508749a06e0669e59d20d4aad53332a36eab520f7649,142,0xdba76e955e3660da446b348c972b44d911a1cf32,0x8c8d1170edec715723d0884775e78d9b3c35e32e,234978526000000000,1600000,9000000000,0,1,0x,,3688603,21000,7648392,0x,,0.234978526,received,0x8c8d1170edec715723d0884775e78d9b3c35e32e
1406,8332952,1565575773,0x1427b278747c9edc2c2d57296ab4b425726815dc9fa3babab3cb5c207e97bb2e,37023,0x41e39296c352cb218af725067751c4e9a05f6c0341d3213671a3e77584ccf98a,114,0xdba76e955e3660da446b348c972b44d911a1cf32,0x8c8d1170edec715723d0884775e78d9b3c35e32e,158505805000000000,1600000,9000000000,0,1,0x,,2598448,21000,7641958,0x,,0.158505805,received,0x8c8d1170edec715723d0884775e78d9b3c35e32e
1407,8339416,1565662301,0x69a7db799c1f5024300d5364c287197718f99befb921a7685bb47a0d445282f7,37198,0xbc5b727b352101252dcd0057ecba816d12b35f81f681c051acab82d0491db084,151,0xdba76e955e3660da446b348c972b44d911a1cf32,0x8c8d1170edec715723d0884775e78d9b3c35e32e,160515290000000000,1600000,9000000000,0,1,0x,,4503190,21000,7635494,0x,,0.16051529,received,0x8c8d1170edec715723d0884775e78d9b3c35e32e
1408,8345807,1565748363,0x41cbf3068cf9af842c9b37fa7c24dd645c88adf5b1338b7dac36e205b3c8b9af,37347,0x1ed5a3e414325bff99662b36a6348b3696923f33dd298d7eb233a5d90674efc5,137,0xdba76e955e3660da446b348c972b44d911a1cf32,0x8c8d1170edec715723d0884775e78d9b3c35e32e,160984303000000000,1600000,9000000000,0,1,0x,,4413081,21000,7629103,0x,,0.160984303,received,0x8c8d1170edec715723d0884775e78d9b3c35e32e
1409,8352316,1565834842,0x455e7b5df803658c9b3cb3e529bf48185f00e0944e83f163c0e1cdda57eb3845,37498,0xe03a9e8beae18c8fe1ec27f7eb98bb160be0a83b3b2c2180caf41bd11a5f5f40,128,0xdba76e955e3660da446b348c972b44d911a1cf32,0x8c8d1170edec715723d0884775e78d9b3c35e32e,162341828000000000,1600000,9000000000,0,1,0x,,4030282,21000,7622594,0x,,0.162341828,received,0x8c8d1170edec715723d0884775e78d9b3c35e32e
1410,8358734,1565921382,0xa22b11fb26668709f0c0426e64626503ba384fb3cfa807e9d3bc504adc7a79ed,37648,0xf7b18831984b60d0b6a39bc6a188000ce1dcc9570f14a48d769863ddf04dedee,183,0xdba76e955e3660da446b348c972b44d911a1cf32,0x8c8d1170edec715723d0884775e78d9b3c35e32e,142229589000000000,1600000,9000000000,0,1,0x,,5817073,21000,7616176,0x,,0.142229589,received,0x8c8d1170edec715723d0884775e78d9b3c35e32e
1411,8365155,1566007532,0xd82c0e7b8fe24edb75ff378e01a9cde60cd0ec5316f43f8b52c9517c1b1c7af1,37786,0xe2302d45dede6736b432ce0c269bbf24f9121d651c4aee7d21e96459dfc0787d,21,0xdba76e955e3660da446b348c972b44d911a1cf32,0x8c8d1170edec715723d0884775e78d9b3c35e32e,160434660000000000,1600000,9000000000,0,1,0x,,544810,21000,7609755,0x,,0.16043466,received,0x8c8d1170edec715723d0884775e78d9b3c35e32e
1412,8371659,1566094405,0x5c8a0b3f23bffcb5b76cc44054d5953b63da1067a7e019eb72b9bde85147f69a,37942,0xe31cbc3a80549d9f0a92c02fabb70ed2e3afa3f6c99690f5b7024d8417691b92,156,0xdba76e955e3660da446b348c972b44d911a1cf32,0x8c8d1170edec715723d0884775e78d9b3c35e32e,158804598000000000,1600000,9000000000,0,1,0x,,4142237,21000,7603251,0x,,0.158804598,received,0x8c8d1170edec715723d0884775e78d9b3c35e32e
1413,8378071,1566180309,0x577e08fcd19e8e36562690965712677c09ea980db3f1f9526db3fc90c492db6a,38088,0xe2a45ca659a8ecd70dde77014b5efb9dfeda210dc8cf2b31fdaca131c56bad76,121,0xdba76e955e3660da446b348c972b44d911a1cf32,0x8c8d1170edec715723d0884775e78d9b3c35e32e,163472739000000000,1600000,9000000000,0,1,0x,,2949698,21000,7596839,0x,,0.163472739,received,0x8c8d1170edec715723d0884775e78d9b3c35e32e
1414,8384544,1566267570,0x2fa3db53fd278f4b80a7630c01e5703068d1cb8e36f3846fbe8b1ef5bac22f59,38243,0x1caea8cd4e9a4f8f26ba62eb5382d0069b2c5484dcd06399c7df094dbd8b0cfb,250,0xdba76e955e3660da446b348c972b44d911a1cf32,0x8c8d1170edec715723d0884775e78d9b3c35e32e,156640437000000000,1600000,9000000000,0,1,0x,,6208936,21000,7590366,0x,,0.156640437,received,0x8c8d1170edec715723d0884775e78d9b3c35e32e
1415,8390906,1566353282,0xd5b987e1883a3f961133227a9f506a904516224a6cc50ad3b9cf19246b76cca0,38386,0x7032cb7c4a02eef6bb7739fa3a158f452bd21992900cf911e73cefc1b9ae69c1,176,0xdba76e955e3660da446b348c972b44d911a1cf32,0x8c8d1170edec715723d0884775e78d9b3c35e32e,151792679000000000,1600000,9000000000,0,1,0x,,4982666,21000,7584004,0x,,0.151792679,received,0x8c8d1170edec715723d0884775e78d9b3c35e32e
1416,8397337,1566439604,0x99979beaa319e2f2912f49c3836b5118f5ec3ea5389f02bbf06f987af81a3a2b,38541,0x6473fadc5dec3e6729ef7fe49bd4a9a0263edb75b7a9ec90d0c18a7ee62cef63,104,0xdba76e955e3660da446b348c972b44d911a1cf32,0x8c8d1170edec715723d0884775e78d9b3c35e32e,151781561000000000,1600000,9000000000,0,1,0x,,3992923,21000,7577573,0x,,0.151781561,received,0x8c8d1170edec715723d0884775e78d9b3c35e32e
1417,8403735,1566526000,0x426ddbe2fbdce3eb5792d71f07c47b125e85f8cf1a9a6d82d8b87d53ca625d8a,38690,0x62869917434f00add99710ab7947d674793cf156a4d4164b88f6681251e7893a,87,0xdba76e955e3660da446b348c972b44d911a1cf32,0x8c8d1170edec715723d0884775e78d9b3c35e32e,156745714000000000,1600000,9000000000,0,1,0x,,1995077,21000,7571175,0x,,0.156745714,received,0x8c8d1170edec715723d0884775e78d9b3c35e32e
1418,8410250,1566613076,0xcaeb40046acf73bec421af1bcf600157341e0c89c681b58b022d0c2bc1450729,38834,0x3de0c3b37c224c2e28fd44d1edf62e7c972929055da2209e87058fd28e1f574d,59,0xdba76e955e3660da446b348c972b44d911a1cf32,0x8c8d1170edec715723d0884775e78d9b3c35e32e,151221138000000000,1600000,9000000000,0,1,0x,,5626990,21000,7564660,0x,,0.151221138,received,0x8c8d1170edec715723d0884775e78d9b3c35e32e
1419,8423107,1566785612,0x820dc0996fdcc479eed4d4015c748a5bae1c62403937846aa4cafaa18ec20c30,39132,0x73826db13a9a34eec6168e7cd303733342ece5401ee8de68a439896ec401b1b4,77,0xdba76e955e3660da446b348c972b44d911a1cf32,0x8c8d1170edec715723d0884775e78d9b3c35e32e,177812808000000000,1600000,9000000000,0,1,0x,,1942348,21000,7551803,0x,,0.177812808,received,0x8c8d1170edec715723d0884775e78d9b3c35e32e
1420,8429453,1566871632,0x38ec222a04cfb5dbe4555d0871ff64dba6d332dd9b9f05aeb016cdc87eebe2a2,39280,0xe2962b1eba3a0a9ce460c32ad8a05fd1b13a8f73639aa68aefbc65e304e09d10,130,0xdba76e955e3660da446b348c972b44d911a1cf32,0x8c8d1170edec715723d0884775e78d9b3c35e32e,152926328000000000,1600000,9000000000,0,1,0x,,4581956,21000,7545457,0x,,0.152926328,received,0x8c8d1170edec715723d0884775e78d9b3c35e32e
1421,8435858,1566957884,0x2b6f362576df487d328caf79668a3b60790d4660ded637f937b2abec40e71193,39423,0x3c5a50c9b88eb09ea32521dd02c784aa7b88ca7f4060ffc6988382a282627fc9,22,0xdba76e955e3660da446b348c972b44d911a1cf32,0x8c8d1170edec715723d0884775e78d9b3c35e32e,141239873000000000,1600000,10000000000,0,1,0x,,580448,21000,7539052,0x,,0.141239873,received,0x8c8d1170edec715723d0884775e78d9b3c35e32e
1422,8442301,1567044372,0x7e0d8d2fc0c62e16e31454d1c29c56bc21d2f752781e565790c7453f147bed72,39558,0xfbf273b9ec9c3792372a6fbbf79534c92fa1567ffc8c2843f54d6852dced81c1,76,0xdba76e955e3660da446b348c972b44d911a1cf32,0x8c8d1170edec715723d0884775e78d9b3c35e32e,158138114000000000,1600000,8000000000,0,1,0x,,3092935,21000,7532609,0x,,0.158138114,received,0x8c8d1170edec715723d0884775e78d9b3c35e32e
1423,8448786,1567130827,0x7a52bf83bd0fbaac9b2c5981d2d5837d7338c6c04a6e330718588d1d130ea8e4,39719,0xa5e4cc9840b4e07bae403c204da22bb71d74cef552ccd3e6ac77a456573a3a36,175,0xdba76e955e3660da446b348c972b44d911a1cf32,0x8c8d1170edec715723d0884775e78d9b3c35e32e,152278119000000000,1600000,7000000000,0,1,0x,,6237105,21000,7526124,0x,,0.152278119,received,0x8c8d1170edec715723d0884775e78d9b3c35e32e
1424,8455197,1567217293,0xcaab95ad5fa23704b1a08791d86b3129f9ab98fa33c76a0a1233f27bea3c7b0c,39856,0xc4121675a98c7e49157ba304178715ee81052ac0821a05c094918b3baaa91faf,101,0xdba76e955e3660da446b348c972b44d911a1cf32,0x8c8d1170edec715723d0884775e78d9b3c35e32e,145469081000000000,1600000,11550000000,0,1,0x,,3614345,21000,7519713,0x,,0.145469081,received,0x8c8d1170edec715723d0884775e78d9b3c35e32e
1425,8461650,1567303906,0xaf4555e7d111a4a54ab585963fcd0810dcfb190a84b40ab3dbe9cdcdd2dbce9d,40002,0xd4ab52c7bd78b56f0309e024fdbf677a3e7ba048c34cdf661d4cf3b5357f5821,97,0xdba76e955e3660da446b348c972b44d911a1cf32,0x8c8d1170edec715723d0884775e78d9b3c35e32e,145020074000000000,1600000,8000000000,0,1,0x,,4203078,21000,7513260,0x,,0.145020074,received,0x8c8d1170edec715723d0884775e78d9b3c35e32e
1426,8468193,1567391785,0xd3c56a7792026d740787a07f66f56fdedf30fbd2bd6ea2bdcda53b888291beb8,40150,0x601c9dde5b2b4b8ae23e69bd15f30db8931744f9a6c2f4b40bf846e0e77a4b9e,108,0xdba76e955e3660da446b348c972b44d911a1cf32,0x8c8d1170edec715723d0884775e78d9b3c35e32e,143401690000000000,1600000,4000000000,0,1,0x,,2877056,21000,7506717,0x,,0.14340169,received,0x8c8d1170edec715723d0884775e78d9b3c35e32e
1427,8474426,1567476336,0x373e7e2493b7f58b77c22fe56d847f7dd9501467489c27a0e09c70ac78961aa4,40303,0x82d75e61ed4f59a8384bb972d8c35aff6c2d880734869b4ef73e50445dcacdf7,74,0xdba76e955e3660da446b348c972b44d911a1cf32,0x8c8d1170edec715723d0884775e78d9b3c35e32e,148242579000000000,1600000,8000000000,0,1,0x,,2440172,21000,7500484,0x,,0.148242579,received,0x8c8d1170edec715723d0884775e78d9b3c35e32e
1428,8480860,1567562894,0xaab6007bb890ab95bcf70eff6ab3c1c71eb6e772de06db2ae84f9551122a3d51,40445,0x8b0f016223979dc1652286223d86eb49a04ee8c33fa72360b4c3fb52c7a8246d,99,0xdba76e955e3660da446b348c972b44d911a1cf32,0x8c8d1170edec715723d0884775e78d9b3c35e32e,145194069000000000,1600000,17900000000,0,1,0x,,2418622,21000,7494050,0x,,0.145194069,received,0x8c8d1170edec715723d0884775e78d9b3c35e32e
1429,8489218,1567675339,0x312607f6a5e695bcf9a06d1509ec1af7922e348caff5c7aa6fe81cccc656cf7a,40584,0xcf80151a33e3cca652a5863b350c333b14dd22896e0d0130ee8d158591083409,57,0xdba76e955e3660da446b348c972b44d911a1cf32,0x8c8d1170edec715723d0884775e78d9b3c35e32e,147511265000000000,1600000,19000000000,0,1,0x,,1560276,21000,7485692,0x,,0.147511265,received,0x8c8d1170edec715723d0884775e78d9b3c35e32e
1430,8493846,1567737383,0x44a1f2bcb500430e85529569ac95a038203da8df0ff6f885b7a1abe265691e72,40725,0x3354ff1288287321faffc06b4ebba678eac8b6dc60ebdc6fffce379977344b06,48,0xdba76e955e3660da446b348c972b44d911a1cf32,0x8c8d1170edec715723d0884775e78d9b3c35e32e,145202271000000000,1600000,19000000000,0,1,0x,,1783482,21000,7481064,0x,,0.145202271,received,0x8c8d1170edec715723d0884775e78d9b3c35e32e
1431,8500091,1567822035,0xfb5a738ab8a6bf9d8081ff1bf56a83ed7e7ff469ed1c0907016a25cefd7b83b9,40875,0xadb63fe7023132961e76c740da2c1381425098aa11fa11d7ada4bb63a15496bc,89,0xdba76e955e3660da446b348c972b44d911a1cf32,0x8c8d1170edec715723d0884775e78d9b3c35e32e,153766730000000000,1600000,11000000000,0,1,0x,,2153405,21000,7474819,0x,,0.15376673,received,0x8c8d1170edec715723d0884775e78d9b3c35e32e
1432,8506546,1567909272,0x9cabf1d4f7e2d76eccc53fc1d0c61da3ae5f881db81f60d272e2d24a1cc0851b,41031,0x87ddd58f7224905e539c5f413125e21a52f31c119add9b8e1c323523f05ad8ae,121,0xdba76e955e3660da446b348c972b44d911a1cf32,0x8c8d1170edec715723d0884775e78d9b3c35e32e,137521553000000000,1600000,8000000000,0,1,0x,,3793021,21000,7468364,0x,,0.137521553,received,0x8c8d1170edec715723d0884775e78d9b3c35e32e
1433,8512872,1567994735,0x23e405a86fa087cc6479cb4bc0c8bf72de6e47af68ca516085cc98f26b0a6943,41181,0x6038e8b9c7df87773b7dfee872c67129b2d713ff47cc65f91de6cbd22e294c21,110,0xdba76e955e3660da446b348c972b44d911a1cf32,0x8c8d1170edec715723d0884775e78d9b3c35e32e,137603662000000000,1600000,10000000000,0,1,0x,,4653122,21000,7462038,0x,,0.137603662,received,0x8c8d1170edec715723d0884775e78d9b3c35e32e
1434,8520131,1568091790,0x3670a7e8eb0310070f863936b179772e7bce378e13cee037d0094cb2180453c2,41321,0x9f8d820cf5b53d75892285a4dcd34dd5e568e68d56af786c1b4e60539e963e14,29,0xdba76e955e3660da446b348c972b44d911a1cf32,0x8c8d1170edec715723d0884775e78d9b3c35e32e,145538109000000000,1600000,10000000000,0,1,0x,,6255999,21000,7454779,0x,,0.145538109,received,0x8c8d1170edec715723d0884775e78d9b3c35e32e
1435,8526184,1568173877,0x54cf8652e2d3b33c227e4cd5301b0851622291b8b2248f77e34e0a92a33afec0,41477,0xc9ffab10fb064ac8a13b2023ce4e1de490955b6545605817917d9f338c6b153d,52,0xdba76e955e3660da446b348c972b44d911a1cf32,0x8c8d1170edec715723d0884775e78d9b3c35e32e,146190128000000000,1600000,11000000000,0,1,0x,,1484754,21000,7448726,0x,,0.146190128,received,0x8c8d1170edec715723d0884775e78d9b3c35e32e
1436,8536034,1568306317,0x1202b097b871c88c91e95fcffcb019fe0b8e23e2671db211b59860ce56a81a2d,41625,0x9b03e21c4ed832affa839587a06211491f301307e06dbd9daaa7f7f3b7723ec8,111,0xdba76e955e3660da446b348c972b44d911a1cf32,0x8c8d1170edec715723d0884775e78d9b3c35e32e,149816429000000000,1600000,7000000000,0,1,0x,,2352000,21000,7438876,0x,,0.149816429,received,0x8c8d1170edec715723d0884775e78d9b3c35e32e
1437,8538748,1568342813,0xc2e41a8226846637cff9eeb1a86e4aba7d6bd95dc734cb76c2fc94854c5dd8d8,41767,0x7eded8616cf1332343281693be76c0104944fb1b96921ed84cab02246931bfc9,104,0xdba76e955e3660da446b348c972b44d911a1cf32,0x8c8d1170edec715723d0884775e78d9b3c35e32e,144513749000000000,1600000,10000000000,0,1,0x,,2205000,21000,7436162,0x,,0.144513749,received,0x8c8d1170edec715723d0884775e78d9b3c35e32e
1438,8545142,1568429700,0x0f63aba986a4b985f7f8cfc4a5fad0d9b3c888fc048f109c567b82ec85b942d6,41905,0xd2d38a280dc323b5155a57672667c4fc3d90dabc7842c899baba47a7703d70eb,70,0xdba76e955e3660da446b348c972b44d911a1cf32,0x8c8d1170edec715723d0884775e78d9b3c35e32e,136139372000000000,21000,11000000000,0,1,0x,,5463063,21000,7429768,0x,,0.136139372,received,0x8c8d1170edec715723d0884775e78d9b3c35e32e
1439,8551354,1568513517,0x20df6120f963a5f06f0aa663beef2ce0d7a7abd92d40ec04e79cf5bea8428a7b,42034,0x11c5d7555cab372d9d05d6f39a87c2eecb4bc143235946115a6abfaa52884e6b,83,0xdba76e955e3660da446b348c972b44d911a1cf32,0x8c8d1170edec715723d0884775e78d9b3c35e32e,138848017000000000,21000,11000000000,0,1,0x,,7618663,21000,7423556,0x,,0.138848017,received,0x8c8d1170edec715723d0884775e78d9b3c35e32e
1440,8557790,1568600700,0xbe12a499de469219d0e065488f5693552f0ee0143b9ff015074c08028a764c13,42176,0xfc13c69e951d7d58938fae3c2c068c07dee9f397539174fadf4f2b4f44bd589d,95,0xdba76e955e3660da446b348c972b44d911a1cf32,0x8c8d1170edec715723d0884775e78d9b3c35e32e,137788578000000000,21000,21000000000,0,1,0x,,2016000,21000,7417120,0x,,0.137788578,received,0x8c8d1170edec715723d0884775e78d9b3c35e32e
1441,8564206,1568686008,0x239e53bd1abb02862b9180e9e6f755dbd92d4e8665272990f81e99fbb130f1b1,42311,0x49f7c16bf1d3992d1e2359d0c03428531953e6fdade5a377fbb914769c9e8e03,165,0xdba76e955e3660da446b348c972b44d911a1cf32,0x8c8d1170edec715723d0884775e78d9b3c35e32e,134694663000000000,21000,21000000000,0,1,0x,,3834498,21000,7410704,0x,,0.134694663,received,0x8c8d1170edec715723d0884775e78d9b3c35e32e
1442,8566985,1568724027,0x5a26e7ddb93dd7dce2485b455fe8c086d685116c45e8a94d8f90cf75d3b073a0,703,0xcfe0126c76d23dc2dbd6ac1943be138994a1ed6acdf501ec2ae57d7b78965ab5,212,0x8c8d1170edec715723d0884775e78d9b3c35e32e,0x569dfbc4a2efd97b6bcc9b46454b6a4a742d85de,7500000000000000000,21000,31464843025,0,1,0x,,8172085,21000,7407925,0x,,7.5,sent,0x8c8d1170edec715723d0884775e78d9b3c35e32e
1443,8570701,1568773730,0xf78ccc724c359d81ab41d1f0d68c5d8dcecca533005323b3618ca62fcd955f84,42449,0xc147debb09c8be234ac8c9d84d1d7b39ae9942bc8c09ad0bd9bcd09866e77cd3,178,0xdba76e955e3660da446b348c972b44d911a1cf32,0x8c8d1170edec715723d0884775e78d9b3c35e32e,134707193000000000,21000,21000000000,0,1,0x,,8002110,21000,7404209,0x,,0.134707193,received,0x8c8d1170edec715723d0884775e78d9b3c35e32e
1444,8577143,1568859752,0xd74cff97cfee75a58bb0b67ef05943b4c30a82d51bcc9c02b42d20acb244cf2f,42586,0x994f179e3dffa310829eaeb7daf4f5bfde4640aed76f25df5ea2a6ad2215e0c8,38,0xdba76e955e3660da446b348c972b44d911a1cf32,0x8c8d1170edec715723d0884775e78d9b3c35e32e,131836967000000000,21000,21000000000,0,1,0x,,819000,21000,7397767,0x,,0.131836967,received,0x8c8d1170edec715723d0884775e78d9b3c35e32e
1445,8583495,1568946272,0x9b21ef33f6d2e4d3ec7ab3cccbb16bf0ba4bdfe7f383673a1bcf1c0c43bc8dc9,42724,0x1a797168569999551811eae655db9b0b1a7043be94d321daa6c8aee812d0989c,201,0xdba76e955e3660da446b348c972b44d911a1cf32,0x8c8d1170edec715723d0884775e78d9b3c35e32e,134580791000000000,21000,21000000000,0,1,0x,,9034110,21000,7391415,0x,,0.134580791,received,0x8c8d1170edec715723d0884775e78d9b3c35e32e
1446,8589821,1569031582,0x561ee4c88b45d8ae31d0ce08bd5b2f519dc7f3efa13560b93e6eac9e26ba812f,42859,0xb789bc389866ddcb61a44567951797a2601bded82502c383a0907ea786fe6051,79,0xdba76e955e3660da446b348c972b44d911a1cf32,0x8c8d1170edec715723d0884775e78d9b3c35e32e,133094470000000000,21000,21000000000,0,1,0x,,2185959,21000,7385089,0x,,0.13309447,received,0x8c8d1170edec715723d0884775e78d9b3c35e32e
1447,8596275,1569118251,0x466c0c54c14a2a6ac4403b2f68e5e748dfca7dcb9acc734e30ec292672bdb642,42998,0x6704c5d96f7f180503ac84645f4c0fc05a5d4bc0e4300fac73bfe28b87d261a2,86,0xdba76e955e3660da446b348c972b44d911a1cf32,0x8c8d1170edec715723d0884775e78d9b3c35e32e,130470467000000000,21000,21000000000,0,1,0x,,3313564,21000,7378635,0x,,0.130470467,received,0x8c8d1170edec715723d0884775e78d9b3c35e32e
1448,8602666,1569204907,0x6967a7d3a9cc917b5c72d1a8984d9c7938a392e17e1fea4b0ce6d3771b03a2e8,43137,0xf2b62d7b4c1430985ae10cbdf2b6c56318ffd15f1bc2f5f953503846004d59e4,46,0xdba76e955e3660da446b348c972b44d911a1cf32,0x8c8d1170edec715723d0884775e78d9b3c35e32e,124520307000000000,21000,15000000000,0,1,0x,,1487906,21000,7372244,0x,,0.124520307,received,0x8c8d1170edec715723d0884775e78d9b3c35e32e
1449,8768990,1571457128,0x3a3016332bbd28e4ff3ec9f2bf6f77c6319ae018fe23ca3e33872560949f5354,704,0xce09efe90dedd1a7d28a6629624fad7f6995ce3804586ab72703d2dc7778a6aa,50,0x8c8d1170edec715723d0884775e78d9b3c35e32e,0x6ed729fc1cd9cf5303c40e495747eb03b78c5fc2,5000000000000000,21000,8000000000,0,1,0x,,1809964,21000,7205920,0x,,0.005,sent,0x8c8d1170edec715723d0884775e78d9b3c35e32e
1450,9656181,1584008931,0x873a153e7a63d07120bd6816386dd2a2649be2535963dc1b9965c3c477f713f5,705,0x3f192e7ebb69226ff6b4ecadbf654ea8e3d533be041eedf7cb579d06062fbee7,69,0x8c8d1170edec715723d0884775e78d9b3c35e32e,0x569dfbc4a2efd97b6bcc9b46454b6a4a742d85de,950000000000000000,21000,44400000000,0,1,0x,,9953906,21000,6318729,0x,,0.95,sent,0x8c8d1170edec715723d0884775e78d9b3c35e32e
1451,10398531,1593940430,0xce4c528bbbcbbea3c3a59372271e5039f51051576e7c5d977628a3d96c2f8b5b,66125,0xc86773b404a47c0d3b47e355f8fc1bdc78e03c0ffa069bd84f465a39a1ae7fde,48,0xdba76e955e3660da446b348c972b44d911a1cf32,0x8c8d1170edec715723d0884775e78d9b3c35e32e,37291646000000000,21000,29700000000,0,1,0x,,3322459,21000,5576379,0x,,0.037291646,received,0x8c8d1170edec715723d0884775e78d9b3c35e32e
1452,10522616,1595599355,0x28e00a4b99e36682f9f1b83123d02b2820d4ef8c5a09843932702ebcd7b8f934,706,0xea38e4d6cf5a6d388157690b75fc1bd64fe60ea947d639e9ea70792fbc1c71a4,33,0x8c8d1170edec715723d0884775e78d9b3c35e32e,0x0f5d2fb29fb7d3cfee444a200298f468908cc942,0,49538,97200001482,0,1,0x095ea7b300000000000000000000000041f8d14c9475444f30a80431c68cf24dc9a8369affffffffffffffffffffffffffffffffffffffffffffffffffffffffffffffff,,2009018,45448,5452294,0x095ea7b3,"approve(address _spender, uint256 _value)",0,sent,0x8c8d1170edec715723d0884775e78d9b3c35e32e
1453,10522628,1595599521,0x5561f7d786836082a90b3c9e7d0b717b0614488ab9ef822bf8ab9c3888149ba5,707,0x75ff1a7f2c459487f034251f277ff58d0af5e806b85b10fc9cd62a7cdb34eb87,51,0x8c8d1170edec715723d0884775e78d9b3c35e32e,0x1d082d45172c5860bf85f900a036ee7292ea45af,569160866020208217,21000,90000001235,0,1,0x,,3103554,21000,5452282,0x,,0.569160866020208217,sent,0x8c8d1170edec715723d0884775e78d9b3c35e32e
1454,11658969,1610704173,0x860501b9a5a0de899c78bde8d0a1bc286ddbb37398c52792a9ad45481ecbd896,2034,0x14cb98174d6bc2b87c88b4225e9306a08fd4467d1419f89153282c2ee7cf88ab,110,0x367de730d4e79f8acf632a617b8e5a3765282692,0x8c8d1170edec715723d0884775e78d9b3c35e32e,2267844075321372,30000,47000001561,0,1,0x,,6621347,21000,4315941,0x,,0.002267844075321372,received,0x8c8d1170edec715723d0884775e78d9b3c35e32e
1455,11658970,1610704184,0xb747d9cac7e6dd813d24709c5992e04d37ae3e0b39189a23ffe04f3640738728,708,0xd1f775fc6fbd95c2aba7676616fe86b4d11413e691f5d3960005a024dc3f9eaa,176,0x8c8d1170edec715723d0884775e78d9b3c35e32e,0xbbbbca6a901c926f240b89eacb641d8aec7aeafd,0,48252,47000001561,0,1,0x095ea7b30000000000000000000000008a42d311d282bfcaa5133b2de0a8bcdbecea3073ffffffffffffffffffffffffffffffffffffffffffffffffffffffffffffffff,,11853321,44268,4315940,0x095ea7b3,"approve(address _spender, uint256 _value)",0,sent,0x8c8d1170edec715723d0884775e78d9b3c35e32e
1456,11692832,1611152911,0xd8dd89398393af8d6409f73bfc087762d1d63a72274ba96a6582cbd90ec360ea,709,0xccb3acddcccb3f0d579d01207a8c025d2c05919c36188ccbbbb9fca3ed8f14fc,186,0x8c8d1170edec715723d0884775e78d9b3c35e32e,0x0000000006a0403952389b70d8ee4e45479023db,0,117781,64000001459,0,1,0x8dbfd5e80000000000000000000000008c8d1170edec715723d0884775e78d9b3c35e32e000000000000000000000000000000000000000000000000000000000000000000000000000000000000000000000000000000000000000ea300b17a8b78000000000000000000000000000000000000000000000000000000000000000000800000000000000000000000000000000000000000000000000000000000000011e9c361a69a2785d7b53911c823520efb8bb1a56b4eef8066c6049e05584439d21cb42fe53d7e8b53c7addbd23a5754e9a1f9279ed676acc8f53fc8301683bc8ee2ff50c082fd92f9973973d62214ea40c2ef0ffbde24f9557ab65c00bccee3dfb7912c050b8e1b92e3464f38aa58f6cb4dd0dc0df7ea3ffb206485dfd860fc8f73f2499d6ff330868f262b66db7514ff1a2544b8e20cd29f058c8386c7fb70cb291c70c807c1cd545bafcd0b15e2204ee2267bff6062883f35bc76e58e6e182d71a61f212411336afdd39d94f672cc2b9e7f7f27f58c32fc747eddfbd2e7ebae7ca480208b923fbe6cf948c593bf9dc86efa8c5c4567195216093cb8f425e787f987f77d489cb2626c22dcb0d04caabc40879fbfe0343c38672edb8a60c90b100a379498ed13e1c0fd5e6da34d4a1140f18e088aedf1309697e5864d7e84b136065619b6bf2784b926de7a148be583f782060c6d7eccd00fd08d14e4f79b68bd5660bd9026c396b405fa5553eabb7c666aeb71840cb7273bf8b383ea6943cce2dfbb050e3b893ee3a2e8dac0dab383c099eca17745df8ce866068297d50c6792818dccaa86ebf4a578254c1a01fd79a0860c8fb10bef2254b6e67c9b6244ac1d4ebee15067ee5dbac07222214f92b8b3719ed4035249714fdf8d8ec6e065906132a9022873d5b3ae0d5ca580ee15446a744ed35346f6735f8f57cf1e34f6eebc34545ea343f4acd75929ec2a3367fc9ff90170bc908151eed7643fbf8a20ec3b,,11696800,102099,4282078,0x8dbfd5e8,"claimPeriod(address recipient, uint256 period, uint256 balance, bytes32[] proof)",0,sent,0x8c8d1170edec715723d0884775e78d9b3c35e32e
1457,11692841,1611152981,0x81b75ab47f9075f9520555f6cf32b2f7284b324bdf7958293e1313af8eddddee,710,0xd0b2182b1f3337e8428b9f962a0a6ccd83207e9510ca8e7b5c866ce9b854af07,108,0x8c8d1170edec715723d0884775e78d9b3c35e32e,0x0000000000095413afc295d19edeb1ad7b71c952,0,48977,73700000233,0,1,0x095ea7b30000000000000000000000007a250d5630b4cf539739df2c5dacb4c659f2488dffffffffffffffffffffffffffffffffffffffffffffffffffffffffffffffff,,5994359,44525,4282069,0x095ea7b3,"approve(address _spender, uint256 _value)",0,sent,0x8c8d1170edec715723d0884775e78d9b3c35e32e
1458,11692962,1611154561,0x520028fa23c62af96d47a0dadafc86faf070e86fa85e54933b95f1c68c9ef05e,711,0xa3458e8c335da2b4f40708c0e46741a5c2457de7a4cf4e0a4a99848ba32582ac,157,0x8c8d1170edec715723d0884775e78d9b3c35e32e,0x7a250d5630b4cf539739df2c5dacb4c659f2488d,126509596894680350,200920,64900000233,0,1,0xf305d7190000000000000000000000000000000000095413afc295d19edeb1ad7b71c952000000000000000000000000000000000000000000000004263ff11eefeab6e200000000000000000000000000000000000000000000000420f0431d80a3240c00000000000000000000000000000000000000000000000001bf348251aad7e40000000000000000000000008c8d1170edec715723d0884775e78d9b3c35e32e00000000000000000000000000000000000000000000000000000000600848ab,,11628906,157157,4281948,0xf305d719,"addLiquidityETH(address token, uint256 amountTokenDesired, uint256 amountTokenMin, uint256 amountETHMin, address to, uint256 deadline)",0.12650959689468035,sent,0x8c8d1170edec715723d0884775e78d9b3c35e32e
1459,11717404,1611479117,0xb7c88eeab0725c4f5d342eeddd61593874a8352ad3a062fdd689b214defaaaa9,712,0xb8c680e59677a375468d0dd665411a32e9dab23548724c48560b4219ab3162b8,99,0x8c8d1170edec715723d0884775e78d9b3c35e32e,0x7a250d5630b4cf539739df2c5dacb4c659f2488d,89800510663382420,184420,52800000233,0,1,0xf305d7190000000000000000000000000000000000095413afc295d19edeb1ad7b71c952000000000000000000000000000000000000000000000001f9aa19a140d29aa4000000000000000000000000000000000000000000000001f722d980726b26aa000000000000000000000000000000000000000000000000013d70b9250bbf630000000000000000000000008c8d1170edec715723d0884775e78d9b3c35e32e00000000000000000000000000000000000000000000000000000000600d3c99,,6522150,142157,4257506,0xf305d719,"addLiquidityETH(address token, uint256 amountTokenDesired, uint256 amountTokenMin, uint256 amountETHMin, address to, uint256 deadline)",0.08980051066338242,sent,0x8c8d1170edec715723d0884775e78d9b3c35e32e
1460,11717428,1611479375,0x54a548a0973ea72a359d87c1471d8b30d16cf4c7a82d4da16e75c929cdd0bbe8,713,0xdcba8e58c46d12a5414d0bf26e576b4fbb295083d49eec7f7949e21d3f6810fd,74,0x8c8d1170edec715723d0884775e78d9b3c35e32e,0x0000000000095413afc295d19edeb1ad7b71c952,0,48532,46000001561,0,1,0x095ea7b30000000000000000000000008a42d311d282bfcaa5133b2de0a8bcdbecea3073ffffffffffffffffffffffffffffffffffffffffffffffffffffffffffffffff,,9189634,44525,4257482,0x095ea7b3,"approve(address _spender, uint256 _value)",0,sent,0x8c8d1170edec715723d0884775e78d9b3c35e32e
1461,11717443,1611479598,0x2cad746999136fa1dc32b6b410687873a349bbf44fd90ca854cf37d38850f7ba,714,0xbfcac1b63f8160b343a5c5d0ef5b2270d21b323d06f81cc207acf2e42af8e640,81,0x8c8d1170edec715723d0884775e78d9b3c35e32e,0xc348314f74b043ff79396e14116b6f19122d69f4,0,189569,47000000000,0,1,0xecd9ba820000000000000000000000000000000000000000000000004075152002cf391300000000000000000000000000000000000000000000000000000000600d564e000000000000000000000000000000000000000000000000000000000000001c03d0eba3940ee98237302c04db482dc68e463dac96f1cb5a068500e95ce752852e6a00d895a04597136861301c3662f8655b76aa162d510ac0c368a2d772a381,,5229354,139689,4257467,0xecd9ba82,"stakeWithPermit(uint256 amount, uint256 deadline, uint8 v, bytes32 r, bytes32 s)",0,sent,0x8c8d1170edec715723d0884775e78d9b3c35e32e
1462,11717445,1611479633,0xcf767160951097953afc476b7f4571f0b3f4245b7f7d49021d5de7553652ef67,715,0xe814c711b1dd3af5c3acf59754bde0c7d4c3b65de80fed1bf465a5282f8eed74,4,0x8c8d1170edec715723d0884775e78d9b3c35e32e,0x7a250d5630b4cf539739df2c5dacb4c659f2488d,140926840917685099,192637,105600000233,0,1,0xf305d7190000000000000000000000000000000000095413afc295d19edeb1ad7b71c952000000000000000000000000000000000000000000000003174f488cf7aaae7a000000000000000000000000000000000000000000000003135a68301a44b54800000000000000000000000000000000000000000000000001f22b5aa4c169e10000000000000000000000008c8d1170edec715723d0884775e78d9b3c35e32e00000000000000000000000000000000000000000000000000000000600d3ee6,,360023,134347,4257465,0xf305d719,"addLiquidityETH(address token, uint256 amountTokenDesired, uint256 amountTokenMin, uint256 amountETHMin, address to, uint256 deadline)",0.140926840917685099,sent,0x8c8d1170edec715723d0884775e78d9b3c35e32e
1463,11717450,1611479709,0x0f7f6a5e86c2d24f468c39654ffea00809ad017c84bf84a567151f5ba3e05d7d,716,0x311b1bc53f9208a50a172f2745dacf69caf1dd756b5a4cd61ac42e277a7e6ac0,79,0x8c8d1170edec715723d0884775e78d9b3c35e32e,0xc348314f74b043ff79396e14116b6f19122d69f4,0,163840,46000000000,0,1,0xecd9ba8200000000000000000000000000000000000000000000000025187c278cd421f600000000000000000000000000000000000000000000000000000000600d5699000000000000000000000000000000000000000000000000000000000000001b1113f9a2f8594d2fde4263a6aa9172a43ffedf504fa953192b8d0a26ae3498fe52556fe4bc5aee62541803be44f1e60013dae2ed1e82e12e6506fe37aa099d2e,,4223621,113960,4257460,0xecd9ba82,"stakeWithPermit(uint256 amount, uint256 deadline, uint8 v, bytes32 r, bytes32 s)",0,sent,0x8c8d1170edec715723d0884775e78d9b3c35e32e
1464,11827952,1612949320,0x470abdc26397c59dcf7e9f2f40a2ce622badb33123e8df574ce23c4b292d9310,717,0x56a780f708fb5010af45701635d278f54b809cf80b70dbc8cd94f2af97ce5fc4,126,0x8c8d1170edec715723d0884775e78d9b3c35e32e,0xc348314f74b043ff79396e14116b6f19122d69f4,0,113010,142000001123,0,1,0x3d18b912,,9792133,82320,4146958,0x3d18b912,getReward(),0,sent,0x8c8d1170edec715723d0884775e78d9b3c35e32e
1465,11991157,1615117586,0x326386b232b017931f13e468373a796c2baf55004b9f672262bc25ff18fd797f,718,0xf4255fd73f9e85591b0672c7c69fcc2096ede59f3a6cc5f4a25b7184538da19f,130,0x8c8d1170edec715723d0884775e78d9b3c35e32e,0xc348314f74b043ff79396e14116b6f19122d69f4,0,178863,97000001459,0,1,0xe9fad8ee,,8281948,124782,3983753,0xe9fad8ee,exit(),0,sent,0x8c8d1170edec715723d0884775e78d9b3c35e32e
1466,11991360,1615120404,0x17f1ae741d7796b920e3b6b204ecc4a18fe62e576371c8771fdd4b67d191f1ca,719,0xb7ec7c89214eafc7ea254bda10bea27055b19586eaa32a64fd7d53e0fa205862,168,0x8c8d1170edec715723d0884775e78d9b3c35e32e,0x74379cec6a2c9fde0537e9d9346222a724a278e4,0,174581,109000001235,0,1,0xecd9ba82000000000000000000000000000000000000000000000000658d91478fa35b09000000000000000000000000000000000000000000000000000000006044d9e3000000000000000000000000000000000000000000000000000000000000001cc85134d0d59160ffc732cc004e0539cf90d8ad6e8289ad1fbfb6bb39425a667465dd31ce0360f3573bab9d086e35bfa89da76c8aa45b4aaea8bbf0403081fce6,,11848650,124701,3983550,0xecd9ba82,"stakeWithPermit(uint256 amount, uint256 deadline, uint8 v, bytes32 r, bytes32 s)",0,sent,0x8c8d1170edec715723d0884775e78d9b3c35e32e
1467,12106548,1616654306,0x0a736170fa31403bfd871295db23a2896c0f2e9d28e093d1ee4ba99a1a968916,720,0x2dd1ad74de25aaa24f004ebb6046fbe6488d14b31927522625f163fc0d0ecbcd,82,0x8c8d1170edec715723d0884775e78d9b3c35e32e,0x74379cec6a2c9fde0537e9d9346222a724a278e4,0,113010,115000001459,0,1,0x3d18b912,,5422039,69602,3868362,0x3d18b912,getReward(),0,sent,0x8c8d1170edec715723d0884775e78d9b3c35e32e
1468,12316533,1619447792,0x7d279346e2e1106b2f5cbc17722ced15604c303dc66c2278327638a8ddfb221b,721,0x9c0ddc2e733bd9d0f0815cfe5d82e3f495ac2d945e8e126146aaf5dec2b23137,100,0x8c8d1170edec715723d0884775e78d9b3c35e32e,0x74379cec6a2c9fde0537e9d9346222a724a278e4,0,109610,50000000000,0,1,0x3d18b912,,5290544,74720,3658377,0x3d18b912,getReward(),0,sent,0x8c8d1170edec715723d0884775e78d9b3c35e32e
1469,12357968,1620001448,0xea1ef5f513dd7017c8a7b8aab0a1a43bc0c2f8e3805c8d1b48f004a7050cd1f1,722,0x27522cd6016fad5af597ec934e5ae9c189a2f9ed6af67d9b32b1dbdf306974ba,261,0x8c8d1170edec715723d0884775e78d9b3c35e32e,0x74379cec6a2c9fde0537e9d9346222a724a278e4,0,103922,30000000000,0,1,0x3d18b912,,13978091,69032,3616942,0x3d18b912,getReward(),0,sent,0x8c8d1170edec715723d0884775e78d9b3c35e32e
1470,12357971,1620001482,0x4e2e7f00c3b1a3cfe0fdc28060a4d0aed99be8908286b1cb1b64395907813239,723,0x147d87210f04d4eec8836409b194df1ff8b822032f756ba41fc2d7df2e32be5d,37,0x8c8d1170edec715723d0884775e78d9b3c35e32e,0x74379cec6a2c9fde0537e9d9346222a724a278e4,0,113195,30000000000,0,1,0xe9fad8ee,,11182395,80414,3616939,0xe9fad8ee,exit(),0,sent,0x8c8d1170edec715723d0884775e78d9b3c35e32e
1471,12357977,1620001620,0xce04f2ae325e08b739bc4fc1e65330d7aac9679e7b11d3a47d5461d375f24039,724,0x9687287d6f81dd6066f495fc3845d76fedda53121f93b8aae9c9cd5232cd3839,156,0x8c8d1170edec715723d0884775e78d9b3c35e32e,0xb6bc1a713e4b11fa31480d31c825dcfd7e8fabfd,0,166862,30000000000,0,1,0xecd9ba82000000000000000000000000000000000000000000000000658d91478fa35b0900000000000000000000000000000000000000000000000000000000608f5f34000000000000000000000000000000000000000000000000000000000000001cf42493e7056923841ae5b77a9d15b63ecc180fe142a9458488cd3e14ffec47a25e7a01a0c24dd6fc69d3de03819743b9b82a03a7dad421004bb10dcd09eec015,,13097544,116978,3616933,0xecd9ba82,"stakeWithPermit(uint256 amount, uint256 deadline, uint8 v, bytes32 r, bytes32 s)",0,sent,0x8c8d1170edec715723d0884775e78d9b3c35e32e
1472,12528119,1622276247,0xe29063f0995fd7e29d0d48cb2ec33eeda2af09f9f798eefe99fce34388e55ca9,725,0xafddb48725652be2d55f4d784abad54d765d22fc36f42a12c90b98ae3ff9187c,238,0x8c8d1170edec715723d0884775e78d9b3c35e32e,0xb6bc1a713e4b11fa31480d31c825dcfd7e8fabfd,0,159401,20000000000,0,1,0xe9fad8ee,,14822573,106718,3446791,0xe9fad8ee,exit(),0,sent,0x8c8d1170edec715723d0884775e78d9b3c35e32e
1473,13588330,1636544968,0x3badbcdc6ff8cf1a8009012732f95dbc53167c13c1d59a1260bd45b1f4dce4ec,1763879,0x665d0f37676fcbef881ab35e84634ec0c303c13937bda1bfb76e28bb8697e91e,11,0x56eddb7aa87536c09ccc2793473599fd21a8b17f,0x8c8d1170edec715723d0884775e78d9b3c35e32e,11537680000000000,207128,121000000000,0,1,0x,,714182,21000,2386580,0x,,0.01153768,received,0x8c8d1170edec715723d0884775e78d9b3c35e32e
1474,13588480,1636547286,0x56d79e453179b1e832ffc93c6f5b366537db1752562eb87def715ca9777ef9a1,1764262,0xb4faf7dca0120806e5cdf20c160eb30032d400719bf2968750fa2cf8b99d6dc6,95,0x56eddb7aa87536c09ccc2793473599fd21a8b17f,0x8c8d1170edec715723d0884775e78d9b3c35e32e,44863820000000000,207128,173000000000,0,1,0x,,5854741,21000,2386430,0x,,0.04486382,received,0x8c8d1170edec715723d0884775e78d9b3c35e32e
1475,13588484,1636547355,0x28f3d2ca7d7e89f669cbe545b5a7e0b30c6ffbce2de35808d4ccf50f4efe49c6,726,0x678b5d5ac90c5dc3148a6cf86a5c9fe06a5ec6e671b156363d5e4bc957525e22,427,0x8c8d1170edec715723d0884775e78d9b3c35e32e,0xc18360217d8f7ab5e7c516566761ea12ce7f9d72,0,210000,161708256511,0,1,0x7612290300000000000000000000000000000000000000000000000fa3b3ac5dba8680000000000000000000000000008c8d1170edec715723d0884775e78d9b3c35e32e0000000000000000000000000000000000000000000000000000000000000060000000000000000000000000000000000000000000000000000000000000001208cb8a8ea1aa983888bf42bf6e88e75d16356fffeed21488e1a42641caef6dd3bd17c8073d5f205db2d820ee31867bb6e24b94846c34b27d3292d81f6b0f327397eafcbdd0f1f63e64503f026a00aa6351adb1deecc7b168424022881a2f5395053a1c5214500ea1e9226b93f2a8e6eeb4e7e022b873a5f0d50d50c401a7399b4a5d1d7cbb848ed9999c2f3245fa8245cd573a8b34afbf35def851138658e738f33b75e5e5b7976e04ee3a0ca4d99d90ed0bf48489ed268ed5980e9e58c7c70f50abb886e6f31111e76973ae39a2d93a74ee73382514f747d0559ba38ff19209a931ab7b587b95972429ad1565edcbe2d70aae31d76afb758bd93016b4fa468729d97e3fba5af937d8edb69049bea2fbb923f9865dce82233570a157cc598e8f2b68def22ee96c46cb216bd72de1dcac22aa55d661267f45dc297b25e88664f591f872b1459e75c2421f793518bcf516a2b6719d808eda85d7379aadfd723a19e422c4816e60ab027f85ef37e9a84561ce5eeb6dc98b5d44edc25226676d2eab4dc16afeb08782b55820795213faa379f6be8541550048aa63c98477324c3e2886dfa49b9a5a9b2638b7e27acd324b75aa550cbf987db6611711fc2c0f1a09876ff0243d22c2719a2aadb4ffcde7cb377993e10b9acaa1df235108fff66d9dff2fa54d3908362801203e3d5ecca30bfbda6651562777284a20792b86e6d238b6fda9eaaba947a96278ea2d70e5235d27812ff4f438150c4c0450d6d57e49ec5c0b8e3f753c0ae0482b1980cbad3eac8d727ae0c0f40d9c23f2e8c8b08e4e9d7b,,24382172,166416,2386426,0x76122903,"claimTokens(uint256 amount, address delegate, bytes32[] merkleProof)",0,sent,0x8c8d1170edec715723d0884775e78d9b3c35e32e
1476,13588484,1636547355,0x94c5c955bfb87e0baaf2d28fe01c5c12170df5dba159c6e02f88250dfc7c49f4,727,0x678b5d5ac90c5dc3148a6cf86a5c9fe06a5ec6e671b156363d5e4bc957525e22,472,0x8c8d1170edec715723d0884775e78d9b3c35e32e,0xb64ef51c888972c908cfacf59b47c1afbc0ab8ac,0,57182,155858279703,0,1,0xa9059cbb0000000000000000000000001d082d45172c5860bf85f900a036ee7292ea45af0000000000000000000000000000000000000000000000000000000ba43b7400,,26944679,51984,2386426,0xa9059cbb,"transfer(address _to, uint256 _value)",0,sent,0x8c8d1170edec715723d0884775e78d9b3c35e32e
1477,13588498,1636547699,0xa5891ae13fc9d1f299ace0eb5ac69fb615f6449aa9a0f04bbbf217b27bebab9c,728,0x57f9d98a47acd066376361aa7e99937285e12ed04136eca6ebcd07a9cc372f2c,66,0x8c8d1170edec715723d0884775e78d9b3c35e32e,0xc18360217d8f7ab5e7c516566761ea12ce7f9d72,0,99744,162553012831,0,1,0xa9059cbb0000000000000000000000001d082d45172c5860bf85f900a036ee7292ea45af00000000000000000000000000000000000000000000000f9ccd8a1c50800000,,3920403,90677,2386412,0xa9059cbb,"transfer(address _to, uint256 _value)",0,sent,0x8c8d1170edec715723d0884775e78d9b3c35e32e
1478,13638346,1637225301,0x016965dca926e512dd1b028f451f2d214423b0601144d7365c9a98d6d6460ed7,729,0xfbca748daf22c586419e7176eed24fdd714e3b740833abb658d64f7e6125fa61,128,0x8c8d1170edec715723d0884775e78d9b3c35e32e,0x64a60493d888728cf42616e034a0dfeae38efcf0,0,59719,105959308303,0,1,0xa9059cbb00000000000000000000000039da288883aa6afd7d072331046fc742fb9b22e100000000000000000000000000000000000000000000045cba6dc885b6e00000,,8370354,49490,2336564,0xa9059cbb,"transfer(address _to, uint256 _value)",0,sent,0x8c8d1170edec715723d0884775e78d9b3c35e32e
1479,13871730,1640400365,0x7f1417b6649701b8fe07dd420f4c4843ee2267f679f83790ec4ab3e35429c7cc,730,0xd2af058286c60094bcc12c3536240fea851dac559c4e5dadede3f17aa061b329,189,0x8c8d1170edec715723d0884775e78d9b3c35e32e,0x954b890704693af242613edef1b603825afcd708,0,25550,42182558482,1,0,0x095ea7b3000000000000000000000000e592427a0aece92de3edee1f18e0157c05861564ffffffffffffffffffffffffffffffffffffffffffffffffffffffffffffffff,,15156779,25550,2103180,0x095ea7b3,"approve(address _spender, uint256 _value)",0,sent,0x8c8d1170edec715723d0884775e78d9b3c35e32e
1480,13893739,1640694449,0x44da98ec719a41905a236113a7d10536d7dd96a1729791d4d0c10d70c7b14b79,731,0xe4850c45f5723f0d14ca7d5afe2190cb76885ea37fd5c3cd3124b8ee1f68a1b1,209,0x8c8d1170edec715723d0884775e78d9b3c35e32e,0x954b890704693af242613edef1b603825afcd708,0,24000,48564970113,1,0,0x095ea7b3000000000000000000000000e592427a0aece92de3edee1f18e0157c05861564ffffffffffffffffffffffffffffffffffffffffffffffffffffffffffffffff,,24376474,24000,2081171,0x095ea7b3,"approve(address _spender, uint256 _value)",0,sent,0x8c8d1170edec715723d0884775e78d9b3c35e32e
1481,14524407,1649141904,0x9964eddaea23a8de99db847e4b64b5074e42c4c970aafedee5c8d821081065db,732,0xd672e09bd2c24699f2966523794a356fb064031031f6e7edff393fed4ff670ec,119,0x8c8d1170edec715723d0884775e78d9b3c35e32e,0x960b236a07cf122663c4303350609a66a7b288c0,0,21800,48454874736,1,0,0xa9059cbb0000000000000000000000001d082d45172c5860bf85f900a036ee7292ea45af000000000000000000000000000000000000000000000002a802f8630a240000,,12498945,21800,1450503,0xa9059cbb,"transfer(address _to, uint256 _value)",0,sent,0x8c8d1170edec715723d0884775e78d9b3c35e32e
1482,14599715,1650156691,0xde298d1d88653e890ecab1f31f54fbc7a9ed90e777ef4fd7d235e97808ceda3b,2734089,0xe42004f1022afb50e620d0152c97c02c89018ae8c5f193ad5b68afed944f7ee2,140,0x56eddb7aa87536c09ccc2793473599fd21a8b17f,0x8c8d1170edec715723d0884775e78d9b3c35e32e,30667300000000000,207128,15837714982,0,1,0x,,22397782,21000,1375195,0x,,0.0306673,received,0x8c8d1170edec715723d0884775e78d9b3c35e32e
1483,14620499,1650438806,0xbcafa510ddfdbdf97e75049f53f77977dc6a86b4fafaf2b848062050e5b20b01,733,0x76299f7d116d23ab19f836217c702a271d1ee735bc2f1c3e1325ceec07c3322b,46,0x8c8d1170edec715723d0884775e78d9b3c35e32e,0x960b236a07cf122663c4303350609a66a7b288c0,0,131943,33862930108,0,1,0xa9059cbb000000000000000000000000178534ada4d42e165cea704ae7e02eb6c3543bb0000000000000000000000000000000000000000000000002a802f8630a240000,,3798716,119949,1354411,0xa9059cbb,"transfer(address _to, uint256 _value)",0,sent,0x8c8d1170edec715723d0884775e78d9b3c35e32e
1484,14620509,1650438875,0x378ac2a8d1aa5e0b2224f4503c638b3311a617d20b031bc44bb24824e0c3fea1,734,0x25cc2176081f392bde4485f36f1d989e82859cef5a265ad42df3a6bc768ff7a8,205,0x8c8d1170edec715723d0884775e78d9b3c35e32e,0xb64ef51c888972c908cfacf59b47c1afbc0ab8ac,0,57195,30449155020,0,1,0xa9059cbb000000000000000000000000178534ada4d42e165cea704ae7e02eb6c3543bb0000000000000000000000000000000000000000000000000000000036ac1fd00,,17488600,47196,1354401,0xa9059cbb,"transfer(address _to, uint256 _value)",0,sent,0x8c8d1170edec715723d0884775e78d9b3c35e32e
