,blockNumber,timeStamp,hash,nonce,blockHash,transactionIndex,from,to,value,gas,gasPrice,isError,txreceipt_status,input,contractAddress,cumulativeGasUsed,gasUsed,confirmations,methodId,functionName,eth value,txn type,AccountId
0,7945704,1560366441,0x787f34e81afbd8f1720b250db436fa7e308e064ae152130efd83d23e8f23d7f4,49,0xc498bbda3b85c98cec46ca1cd2f1c93de626a602b873b5b846d91aeb04eab5df,32,0x94ae11a67abe03dff9e8d5d191f896b1a24fc53e,0x92370e8b926f29038104a1fbafa024389e753fbe,600000000000000000,21000,20000000000,0,1,0x,,973595,21000,8027882,0x,,0.6,received,0x92370e8b926f29038104a1fbafa024389e753fbe
1,7945926,1560369284,0x9b8c0d715256d279bd9d8c903121d847d16915b9442fab357de709532e477eb5,144,0xe64105dda910631f99567bb9ed629feb2aba039fb2331feb0b05e53b9338bb92,24,0xc43afd0086b7367f6724f793739b6d61533abe4c,0x92370e8b926f29038104a1fbafa024389e753fbe,4000000000000000000,100000,20000000000,0,1,0x,,914975,21000,8027660,0x,,4,received,0x92370e8b926f29038104a1fbafa024389e753fbe
2,7952139,1560452869,0x81b1fe874050cfc125929d2fd22d47271c778857cced74bbadd463368edf488f,0,0xa7fb500fcc7016a9fb4b051d73da0a3de728d9aa8ecc9e00093c16cc226b455e,15,0xc022555fb6cc7a80967e6ab776fd07c65a176a58,0x92370e8b926f29038104a1fbafa024389e753fbe,1915310000000000,21000,4000000000,0,1,0x,,518814,21000,8021447,0x,,0.00191531,received,0x92370e8b926f29038104a1fbafa024389e753fbe
3,8154149,1563174331,0x1c89aac8296038acc0f01d0cd4fe16aaafdb06438db38ee03edd9257b4976867,0,0x0ad515d7f25bfc3f5f1818bd9b6e16d252cbfba32d897e99340acd6206a9a33b,177,0x92370e8b926f29038104a1fbafa024389e753fbe,0x1437652be54f263389cf59c07cd4fdaf1ea89b5c,4601733240000000000,21000,8670000000,0,1,0x,,7928764,21000,7819437,0x,,4.60173324,sent,0x92370e8b926f29038104a1fbafa024389e753fbe
